-2,49
13,58
-39,86
-2,36
19,58
-21,3
52,-9
39,49
-2,43
-32,66
36,-8
52,-2
-40,24
36,27
-37,86
-11,55
44,30
-5,15
16,49
58,89
-39,5
-35,76
0,24
52,89
59,30
-40,-2
-39,61
-16,40
-14,43
22,85
44,78
-28,58
39,0
-21,74
-38,3
-39,49
39,55
-39,-10
31,66
22,-9
59,18
13,27
59,49
36,18
-11,5
31,86
55,-5
0,76
-39,85
-14,66
-28,69
52,1
31,-9
16,86
-11,21
-40,5
59,43
59,13
57,66
-35,71
53,40
-35,30
-16,13
3,58
46,74
6,-9
25,80
-19,86
-33,27
13,89
55,-7
25,87
-39,55
-30,-3
-35,18
53,89
-14,-8
34,-5
34,82
59,76
57,24
48,55
6,-2
-11,78
41,30
-2,52
6,66
-16,82
50,64
44,58
-2,-9
13,-5
31,82
22,80
-39,21
-36,30
-37,71
60,3
59,78
-26,-5
53,52
-26,80
0,52
34,87
-32,89
-8,-8
-24,-9
28,3
-26,13
50,58
28,85
55,85
-39,90
-28,21
41,89
16,61
-24,24
-16,43
34,-9
-2,76
50,-6
48,78
-19,88
-24,3
-33,15
-21,30
-35,85
-33,0
22,82
6,89
-24,49
-39,64
3,90
44,10
3,30
48,64
-37,-8
31,-8
-26,27
59,27
0,-9
-2,85
44,76
-39,66
-38,-7
22,21
59,-9
39,58
34,27
60,-5
-32,-9
-30,5
3,43
-24,80
46,5
34,-10
16,13
-39,52
28,-9
6,40
-16,36
-8,15
-19,-9
-2,1
-37,89
56,85
-39,27
16,-6
59,0
-28,43
41,-7
19,10
-39,30
19,74
60,18
10,-2
41,21
55,82
31,36
-8,89
0,3
3,13
50,-8
44,27
52,24
-26,52
56,3
-19,18
25,-2
58,36
-33,-3
-35,76
-39,13
13,55
-26,89
-40,74
57,10
39,83
28,24
-33,61
19,8
-14,55
-36,85
59,49
-21,33
-21,66
-14,18
3,-3
-5,76
-16,88
-32,-7
9,76
-2,0
-11,24
-38,-9
46,85
39,76
-21,71
-38,78
-38,5
16,33
-36,15
-16,18
25,80
-14,-2
-37,69
19,-8
-11,21
-11,89
34,85
25,83
13,-7
31,87
53,-9
-26,58
57,-7
13,88
-28,58
59,82
-32,24
-19,52
36,40
55,69
-21,-6
-14,74
59,-2
-16,87
48,61
-16,-7
28,-3
10,66
-39,87
44,-3
60,74
50,1
-26,-5
9,69
16,5
-14,89
-5,30
16,18
22,58
56,69
59,86
-40,80
44,5
36,-9
6,61
46,8
-38,80
-32,10
-16,76
-5,46
59,40
19,88
57,3
-28,3
-16,69
3,85
56,33
-39,10
53,66
-37,-9
16,40
-8,1
-40,36
-8,66
-39,76
22,64
-32,89
56,66
59,87
-19,-5
-36,27
41,36
-16,10
52,58
-5,33
19,3
58,86
59,64
-39,3
41,61
56,33
-38,5
-30,87
-5,43
-39,71
25,3
-24,43
6,30
-24,27
22,-7
-39,0
57,33
39,33
55,46
48,78
-39,30
59,78
-36,85
13,43
-26,27
57,8
-11,89
-39,40
-39,83
52,-9
16,13
46,89
-35,-6
53,71
10,21
-37,46
-39,89
56,21
-28,88
-38,80
-37,55
-26,80
-36,46
-35,-5
36,89
-35,40
-38,71
-35,46
16,8
3,-9
-35,46
-35,83
41,89
-28,86
-5,69
56,71
-24,13
-19,27
10,10
-36,-7
41,78
22,1
41,30
44,21
-39,64
46,64
3,-7
-35,36
56,18
34,89
-11,15
-33,69
52,86
22,43
-28,0
-11,8
53,-5
-19,-9
6,82
59,8
16,1
59,78
-11,27
59,83
25,21
-11,13
16,-8
28,18
52,-5
-36,36
48,89
-21,78
41,-2
3,66
58,-9
-39,-2
56,78
19,71
52,69
-37,85
55,-9
-38,85
9,-7
59,52
-35,-9
-32,-5
-19,52
-37,71
-26,66
60,-9
-19,74
56,40
-21,83
-26,43
-33,13
55,8
59,89
-39,27
9,-9
55,74
19,-2
-40,78
57,-10
59,64
59,13
56,30
53,90
-14,46
-32,46
16,10
-21,87
52,1
36,21
50,40
55,76
58,86
16,-8
3,40
-32,3
60,-9
-38,69
-2,-2
10,10
-33,3
53,-8
57,-2
25,89
28,13
39,40
22,13
-16,55
56,64
16,61
41,-9
-30,33
39,-5
0,30
44,13
55,88
-2,89
-39,-9
0,-2
-19,-9
0,83
-28,27
50,-2
-2,83
60,-6
-32,-6
6,88
52,89
-36,46
-38,83
59,71
-16,64
-40,55
19,-7
16,82
-21,-7
56,89
52,-7
22,61
60,0
-32,46
-14,-3
-35,88
-36,87
-35,74
56,71
59,-9
-14,-2
39,85
46,88
57,36
22,85
19,30
39,30
58,66
-24,52
36,88
-2,87
57,66
-38,71
56,49
44,27
13,-5
55,33
-28,89
44,24
16,13
36,-9
16,58
34,58
52,71
6,13
28,-9
-33,66
59,55
-16,1
-32,40
56,55
-26,15
-35,78
16,33
36,49
25,-9
-26,18
44,15
-35,82
-32,40
-5,80
46,61
-32,83
48,76
46,46
-30,78
31,-5
-35,24
-28,-9
6,8
0,80
6,8
48,27
-37,-2
-14,61
36,33
50,52
50,1
-40,89
52,76
6,-2
13,52
-2,61
6,55
55,40
16,55
55,43
22,89
19,-9
52,30
-33,89
-30,89
-39,69
6,83
55,55
56,21
31,76
48,66
58,-8
0,83
10,36
50,83
16,61
0,89
3,-5
46,89
16,-6
48,78
34,89
58,89
-33,87
0,88
28,86
50,43
13,5
48,86
59,24
-26,3
58,43
41,66
59,49
-16,-2
44,43
53,83
52,-9
0,-9
-24,8
-16,3
-39,21
57,-8
19,-8
25,5
-39,-3
56,24
9,10
-24,85
-36,88
25,87
-30,21
-26,76
25,89
-39,18
-30,61
31,43
34,43
-32,18
-2,5
3,71
-21,89
-32,1
-38,5
-26,43
59,55
55,21
48,52
52,74
39,82
58,1
59,46
50,74
39,8
58,3
-24,90
3,-9
19,-9
44,24
-14,-6
10,43
59,-6
36,-2
-36,78
3,-9
-33,89
53,-9
36,0
-11,8
9,30
-35,83
-32,18
56,21
28,82
50,43
39,3
-39,18
-39,33
-24,43
44,21
59,64
50,-9
59,88
-16,80
-39,3
3,58
3,-10
10,71
39,52
34,-6
-21,83
55,43
-14,80
-37,-9
36,36
58,46
53,64
-14,86
-36,30
-36,64
-11,15
10,82
3,49
59,3
-28,13
44,69
-38,61
13,3
-24,27
39,87
19,-9
-28,5
59,82
-8,76
-16,30
56,82
52,3
-39,27
-28,69
46,88
19,3
-39,33
-24,27
-14,89
-14,36
-16,33
59,-3
-11,49
36,76
-32,85
-14,-7
-32,74
-5,-7
-26,49
-35,36
16,-9
-38,55
28,83
-36,24
31,89
-30,24
56,69
3,-7
13,-7
52,69
-39,74
-38,15
19,-3
3,30
-39,55
0,69
58,88
-33,49
-8,0
-2,-6
48,-8
58,86
-16,78
-39,87
44,46
-39,55
0,89
57,-9
-33,-2
-8,-9
55,3
-30,33
56,8
28,89
-40,8
-11,78
-19,43
41,1
-5,86
-39,87
-2,27
-39,13
10,78
-2,27
-40,80
6,-6
50,66
-8,80
39,33
10,52
-21,64
22,58
-37,-10
28,33
-21,-3
-11,8
-11,36
-39,88
39,74
19,88
-38,58
-39,43
-8,78
19,40
-37,-9
16,89
52,85
-39,66
44,80
46,69
-36,71
-36,10
-39,88
-33,61
48,71
3,27
-30,36
-2,33
41,69
60,3
9,82
-14,-3
-2,58
50,1
-28,69
22,78
-26,71
60,89
19,89
36,40
-14,10
25,46
-32,24
6,-7
-39,85
25,27
59,-2
-39,18
39,18
34,69
48,82
-19,82
0,80
31,-9
50,46
56,58
56,89
-36,74
-8,82
34,0
46,49
41,13
59,64
3,66
-30,58
52,69
56,-9
-39,18
-14,55
-11,69
50,24
22,52
-11,-9
-14,3
39,36
-5,89
-39,89
59,15
46,27
-40,71
-35,76
-8,-7
-39,33
-21,82
-33,74
-33,69
-39,-9
55,89
59,43
-11,-8
-5,-7
-5,0
9,21
-37,-7
-21,1
-28,78
34,52
59,21
56,5
-11,85
-33,74
-32,40
39,0
-38,86
48,76
-14,36
-28,52
22,-10
46,-7
44,43
31,-8
-5,-9
-39,89
-35,36
-19,-9
50,-5
19,58
31,46
-11,58
59,30
-28,40
-5,13
60,69
-28,33
-11,8
-40,18
59,88
57,85
19,27
50,69
-16,13
34,43
10,52
-21,-2
-35,78
-39,55
-38,83
-38,43
41,74
-11,89
-37,52
-33,89
52,71
22,36
-36,33
-21,-3
-37,33
6,-9
-30,-5
-38,89
39,69
31,43
59,-10
0,30
53,-3
56,76
13,89
-8,8
-16,-9
-37,89
-11,69
59,30
-14,0
31,8
-33,89
41,1
48,-6
-36,30
6,0
39,61
-36,0
9,10
-39,1
19,5
-36,52
31,89
28,89
-16,69
-39,-6
-38,-2
22,-2
41,89
-33,74
-35,89
-33,66
-11,36
13,89
36,18
22,5
6,-9
31,-7
59,-2
-8,88
-2,86
-30,74
-38,-6
19,40
13,36
53,88
-26,10
-38,-2
13,27
59,46
-37,49
-35,21
6,-10
28,58
6,-8
19,52
59,43
59,49
53,36
50,36
56,49
-8,-8
-38,27
-39,10
19,0
56,36
-14,40
-28,85
3,18
-26,-6
22,89
16,-5
41,78
-30,3
-26,46
-26,-7
58,89
-26,21
-36,10
16,-8
60,69
-2,-5
19,10
-35,10
46,-8
9,-8
-26,89
-32,36
-11,66
-37,-5
28,3
19,-2
34,55
-26,69
-11,88
3,33
36,86
19,89
19,76
-33,-6
44,89
-37,71
0,40
-21,87
-38,1
53,64
6,66
39,46
-14,-5
-11,66
-39,76
39,89
41,3
-32,-7
57,87
34,-6
31,-6
25,80
-40,85
57,10
59,89
-26,0
-35,-9
16,-5
-39,-9
-40,40
-36,8
-40,10
58,-2
6,86
-33,40
-19,36
59,40
-39,52
41,10
13,5
-26,-2
-39,76
-39,85
-37,21
-37,-9
25,74
53,13
36,10
6,-5
9,80
46,58
48,64
-39,-3
9,10
10,89
-32,5
3,-8
-11,24
-37,-5
-28,88
28,74
-40,76
-16,89
-32,71
-30,69
58,-8
16,-9
34,43
46,1
28,-10
59,61
0,-8
6,30
60,40
53,69
22,43
-35,0
28,-2
58,83
-39,89
3,13
-35,1
59,49
46,10
-37,8
55,74
57,8
22,83
-39,46
-24,-3
28,74
-35,5
36,13
-33,27
55,74
-39,89
34,52
-8,8
16,30
-30,18
41,89
41,52
36,-9
-2,-6
0,10
-30,-3
0,85
41,64
-2,1
-14,46
-36,89
59,88
39,-8
41,89
44,82
56,24
59,89
19,61
55,58
-21,58
16,85
-39,88
31,76
22,71
-35,15
41,8
48,76
19,-7
-39,8
-30,74
46,43
-24,3
36,76
-21,15
50,33
-39,43
39,27
-24,85
16,-8
19,80
-35,66
19,69
-24,10
-36,-3
41,24
41,74
58,-9
-19,-5
-24,74
-32,88
-11,58
31,61
39,66
31,-8
13,89
-30,-9
3,10
-28,69
41,-5
-39,69
0,5
16,-8
-26,-6
57,58
13,80
-5,66
-36,-3
-28,8
-33,61
-36,71
56,15
-19,55
52,89
16,-2
46,88
-21,13
-8,76
28,-5
-39,-2
28,52
-30,89
-26,8
57,66
52,64
25,43
-8,76
52,30
48,27
-37,43
3,13
34,33
-19,36
-32,-3
34,5
58,-6
-38,88
50,-9
52,5
-8,15
53,52
-30,-10
39,10
58,-9
0,0
-38,1
50,-8
59,43
56,89
52,76
-28,-8
56,49
-24,40
56,-9
53,13
53,78
58,83
-11,74
52,58
59,71
39,30
46,15
-8,64
13,18
-37,8
39,49
-37,49
-39,55
-5,43
41,13
-33,64
-19,-9
-19,10
-26,58
52,0
-35,13
13,43
39,49
-11,43
58,13
28,5
59,49
46,74
28,89
3,55
34,-3
-39,74
-16,27
22,89
-28,49
53,69
6,88
16,-5
-19,10
-30,-3
-36,18
-11,58
-37,85
48,76
36,82
-14,87
6,18
58,36
-11,-9
58,21
53,-2
53,46
0,5
34,46
34,-3
57,0
-14,83
22,24
59,36
39,40
-24,89
39,33
31,64
59,-9
13,89
-36,-6
55,-2
59,15
13,80
3,-6
-38,18
56,3
36,-8
6,1
22,36
-21,13
57,15
31,69
59,18
55,80
50,43
46,64
-39,82
-36,88
46,74
-39,0
0,61
19,0
-39,82
-2,10
-8,27
36,-8
-21,71
53,43
-32,52
-5,5
19,0
31,5
36,76
59,82
-14,86
59,-6
-28,49
-36,40
39,1
-11,46
57,-9
-24,80
-33,-7
52,61
53,30
0,64
55,89
48,5
0,13
22,46
-39,43
-26,69
16,40
-36,27
-39,80
50,78
-11,-3
28,61
55,-3
-8,40
-37,-9
22,-9
58,-6
13,40
13,89
-32,-9
-5,85
6,-3
22,83
-16,89
-38,43
46,21
56,27
-2,46
-8,-5
-8,13
41,30
59,33
-8,82
56,36
-39,74
25,-9
48,58
13,13
-2,71
-8,33
-39,82
-21,36
46,-10
-2,89
-21,76
48,58
59,55
-16,13
3,-2
57,21
-39,-3
-30,-3
31,-9
-14,15
-37,5
-16,61
10,36
31,27
-39,89
46,-6
-24,43
55,-6
-28,64
-30,-8
57,10
31,78
36,13
-38,82
56,87
31,71
-2,3
6,82
52,85
-2,3
34,61
58,74
3,82
-14,15
-14,27
36,88
-28,-3
3,-9
-33,15
-16,1
-5,43
44,80
-38,0
22,71
-16,55
16,90
-39,78
59,82
31,15
57,87
-36,43
39,89
22,-6
-24,18
-39,-9
6,-8
22,27
10,55
-5,46
3,82
-8,80
-32,-3
-39,-9
44,-6
25,86
59,-9
0,-2
44,18
28,71
0,74
58,33
-19,46
-35,82
34,-7
-21,87
59,52
-32,66
0,86
59,64
19,10
28,69
-35,71
-21,-2
-19,66
-28,27
44,43
-37,89
9,58
-26,-9
-5,64
-32,80
-33,61
36,86
41,86
-40,-8
48,-9
-33,89
-16,0
52,-9
-14,10
-36,-3
52,87
-38,86
-36,55
-8,30
-16,74
59,13
57,18
-26,64
36,-3
44,88
0,80
-19,52
-28,69
31,89
-39,15
19,58
19,21
39,40
0,-2
39,-9
-11,36
52,-9
-5,-3
48,-5
19,-3
16,46
-14,82
22,78
-8,27
19,-7
16,52
22,88
-28,15
53,36
28,-9
50,69
-35,33
55,-3
41,52
-38,82
46,43
13,49
-38,64
31,80
53,0
-21,86
16,64
-35,21
-8,90
-24,43
56,0
-39,89
16,89
-35,87
-21,27
52,-2
48,-3
-39,1
41,33
22,69
16,10
-24,61
48,71
-33,80
-26,78
57,1
50,69
-5,89
-5,80
34,89
-19,-3
-11,27
44,-5
56,13
56,88
56,74
-39,64
-35,18
6,13
52,80
-14,36
34,40
-11,86
59,-2
19,52
44,-5
19,46
-38,82
57,76
53,18
59,-9
44,43
28,10
13,-3
50,24
46,69
-19,86
-16,88
-19,88
-39,49
25,52
59,3
16,21
-30,52
22,33
-11,-7
57,86
19,71
-37,5
-30,89
-19,15
-11,43
-32,24
31,24
-28,43
16,71
-32,-2
10,43
-14,83
41,90
48,8
-38,0
6,52
3,30
16,80
56,61
28,89
-37,89
-21,30
-32,15
-11,21
-19,90
41,3
-37,55
31,52
-19,85
31,89
57,15
41,55
-8,21
-24,21
-33,76
-8,-9
13,27
25,21
-39,33
55,18
53,30
-5,78
-21,85
52,13
-39,55
41,-3
59,-2
44,27
-28,36
55,74
-33,-5
-21,30
-39,-3
-19,-8
10,71
-5,46
-16,89
55,13
3,66
34,58
59,33
-16,-7
-16,-6
13,-10
-16,-2
-39,1
-21,82
19,55
-28,30
-33,61
-32,71
-39,80
10,78
50,46
-39,58
-36,-5
44,0
50,85
19,55
6,13
16,-9
10,74
-19,10
-26,15
34,87
22,52
31,49
48,-10
6,69
-33,74
-36,10
-2,87
-33,46
-8,30
-39,36
-33,5
22,-10
28,89
-39,87
44,-6
-33,21
-39,-2
-5,10
3,86
-21,89
59,52
59,10
36,74
52,27
-21,58
-39,86
-39,1
53,61
-5,-9
41,89
41,89
57,43
50,-10
19,-8
6,10
28,15
55,-2
-16,15
-16,64
-38,43
-39,61
-16,86
-5,89
22,13
50,5
-16,55
-2,24
55,80
16,-7
59,24
25,15
52,89
55,1
46,55
31,-6
59,69
-14,89
-26,-9
-8,58
-11,27
59,24
52,33
59,90
55,69
-37,15
9,5
22,66
-40,49
59,61
-19,40
53,43
48,87
55,-2
-37,71
36,52
48,5
55,89
-26,83
13,87
57,18
-36,52
10,66
58,83
59,64
-26,43
-5,61
22,27
-40,66
-2,61
6,27
25,55
0,89
-8,78
-5,3
10,-10
46,89
53,76
-2,-9
0,76
59,52
-39,61
59,66
-32,71
0,-9
48,86
36,76
19,-8
-30,33
-5,-9
-19,85
28,80
19,89
-2,55
-39,58
28,80
-35,87
46,-9
34,85
-30,24
22,27
25,33
-19,33
31,27
48,80
58,46
0,83
-39,1
-14,80
55,15
59,64
-8,61
25,-9
-26,46
-37,83
13,88
-26,30
57,27
-39,74
22,5
6,1
-28,82
-39,86
-39,76
56,89
-37,66
-39,90
-36,-8
-35,89
-8,76
31,24
13,5
56,83
22,1
-39,88
-28,46
-21,-9
3,86
50,46
57,74
53,76
46,86
-2,46
-14,24
-38,8
-2,36
44,-5
0,8
56,30
6,30
-39,5
53,86
19,40
-36,3
-39,52
36,21
31,61
36,15
59,-7
-19,58
-26,83
9,24
55,-9
-39,10
-39,13
9,-6
-11,21
3,-9
58,13
-30,-9
13,49
39,0
52,90
6,15
-24,86
55,13
-39,80
-8,-8
-14,21
-2,-6
36,89
59,49
-19,64
58,13
39,0
-19,78
36,88
46,-9
59,58
56,-9
41,3
-16,-10
-30,-2
10,36
-26,18
34,43
19,-9
-2,40
59,15
-39,83
57,88
3,71
31,85
44,87
59,21
-39,46
-39,5
-16,78
52,40
-19,3
59,-7
50,18
41,10
53,52
-14,87
48,8
22,85
-21,10
19,10
-8,-6
-2,0
22,-3
59,33
52,43
-37,10
25,61
31,-3
-39,-7
59,27
28,43
52,74
55,5
-21,27
55,55
-24,52
9,78
-38,-3
44,87
22,89
50,74
48,90
44,88
59,49
58,3
-5,64
-39,15
13,69
-14,-3
-8,89
59,33
58,69
58,55
-19,83
16,18
34,64
44,64
39,8
16,52
50,55
13,86
-39,86
10,-6
10,-9
0,0
28,80
-37,69
25,43
6,52
44,78
-39,55
-28,89
16,89
41,58
50,15
58,74
59,49
25,74
31,71
-36,-5
-30,21
-2,46
44,69
39,10
59,46
50,36
36,76
60,90
-30,-5
-2,40
55,-9
-36,82
-2,-3
-35,1
-39,89
55,5
-19,24
-39,80
41,46
55,89
-16,3
-8,66
53,3
-21,86
58,15
-8,49
-16,-5
6,36
0,82
-11,24
0,64
-37,8
13,89
44,27
58,-10
-36,76
-2,55
52,-8
50,74
-28,83
28,71
-33,15
58,3
-2,-6
46,8
41,69
-36,89
-32,61
-40,69
28,-9
25,86
-5,-10
58,-6
56,61
-8,61
-24,-9
-35,88
-30,89
25,-7
-35,69
-26,-7
-35,-7
-2,89
-14,5
3,10
-14,83
22,52
39,52
-33,78
57,0
48,-9
-5,24
-39,90
58,13
-21,0
-2,78
44,74
0,5
-33,52
36,49
-39,52
22,-7
-11,18
-37,-9
59,55
56,80
59,21
-36,8
9,-8
-26,74
53,-7
31,-7
6,24
50,10
-39,71
-5,78
-37,0
59,89
28,86
-39,89
36,55
-32,8
60,61
41,85
10,21
41,30
6,89
59,36
13,89
-2,55
-16,-9
60,43
9,13
-39,-3
-39,49
16,40
36,76
-11,24
55,-2
48,0
-19,90
44,43
57,69
59,71
-26,-6
59,-7
-37,89
53,-3
34,69
36,18
-30,21
-8,66
58,1
-36,24
13,-9
-32,21
28,76
-14,89
34,-8
-32,55
-30,69
-5,89
-40,82
60,74
59,55
48,89
39,87
-8,55
-30,13
44,36
31,61
19,21
-30,46
60,49
36,18
-8,43
36,64
50,89
-33,58
0,15
19,85
34,76
58,69
-2,18
-24,-9
-21,58
16,89
-35,89
-19,36
-5,21
44,40
9,52
-5,61
39,-9
46,88
59,40
59,24
-38,36
59,82
-30,61
25,24
-39,74
-39,27
39,61
39,-5
10,49
52,36
6,89
-11,46
-5,83
39,89
28,61
-32,89
13,87
-28,-2
-40,-9
13,-5
53,46
-19,5
-19,78
31,24
9,3
-19,58
16,89
19,80
58,76
3,76
-21,30
59,89
-5,86
56,-8
-30,55
52,13
-8,-7
46,46
22,58
-11,87
19,74
-16,-3
-8,82
-35,21
34,5
19,80
57,5
48,61
-33,3
46,-2
56,83
-26,-8
22,76
-14,-9
50,61
-5,90
-38,89
25,15
-26,-6
-37,8
-11,89
48,80
53,-5
10,85
48,18
59,24
22,-2
-14,87
-24,40
-2,71
59,89
-38,30
-30,-9
-37,74
28,88
0,86
-36,-9
57,-3
-28,71
59,58
-39,66
55,69
-26,66
6,13
59,21
3,80
28,88
31,-6
22,24
-39,8
-33,74
31,-9
19,64
-16,40
-8,46
-14,71
46,64
16,89
59,33
13,13
0,89
-38,86
0,3
55,69
-8,61
-30,71
-35,8
52,24
19,-2
-14,13
41,30
53,86
-30,82
-36,27
-30,40
-16,13
44,36
22,-8
57,78
59,69
55,78
16,83
-39,27
-19,80
-39,58
-11,87
59,8
19,49
31,-3
56,82
-37,3
-37,46
-38,58
-2,0
-39,69
-19,-9
22,0
-40,40
48,66
-28,15
-36,58
9,36
-39,30
59,74
46,49
10,87
-21,82
-37,86
-39,71
-24,-7
36,33
-26,89
36,69
59,30
-16,-3
-39,83
0,46
22,24
16,36
-2,13
59,66
9,55
55,18
48,15
-30,18
48,52
-2,27
-32,-6
-39,-8
-14,36
-33,89
13,66
-40,58
-39,0
55,-10
-5,-5
3,89
-24,13
-8,-6
59,83
31,-8
50,76
-2,18
-35,24
6,82
-5,87
-37,24
13,58
-11,66
16,58
48,69
60,52
-39,61
-16,33
-39,40
44,83
16,69
31,-2
-37,71
36,-8
46,0
-40,-9
59,88
16,-6
13,76
13,-7
36,3
-26,80
-32,21
13,89
44,71
-8,85
6,58
-16,8
25,13
48,55
56,-9
48,3
-14,13
60,82
50,58
-11,58
6,1
55,87
39,-10
58,21
-26,89
58,8
25,-9
-19,88
28,66
48,78
28,87
52,-3
-19,52
22,1
-2,66
-24,61
48,83
-5,87
-39,1
3,-5
48,86
56,46
19,-2
28,-9
-32,10
-30,49
-35,85
-30,58
59,69
0,80
-38,8
-2,64
-39,46
-26,-9
13,64
50,30
-14,13
-37,10
-40,-8
-39,-7
-38,43
6,64
-39,76
31,87
-26,49
9,61
-2,80
6,61
59,49
52,52
-39,85
48,-2
48,36
-35,88
-11,8
-5,-9
25,-7
-28,-7
6,-10
-16,36
59,66
59,5
16,58
59,-6
-39,86
25,24
52,82
-24,66
-21,-3
56,76
52,3
44,64
-16,21
36,80
48,88
-36,85
22,74
-40,-2
-24,71
-39,27
-26,88
44,5
56,66
36,-3
-28,-7
-2,88
-26,15
-30,-3
-39,89
-33,24
48,83
50,-10
19,13
-32,-7
41,80
-35,69
57,8
-30,10
36,66
-39,74
13,30
-24,-2
-32,15
-21,58
-33,-6
57,24
-5,-8
9,15
41,89
22,89
28,64
53,69
-39,64
53,89
19,66
13,76
-32,71
46,24
46,5
-35,64
-37,74
55,46
9,5
-8,88
59,-3
58,13
55,-9
-14,74
44,90
-24,15
36,61
59,5
-21,-9
55,86
28,27
58,18
-32,89
31,86
13,-5
53,89
-24,90
-14,87
25,64
-21,-7
41,82
58,85
44,1
46,83
22,61
-24,69
-28,-9
-39,18
0,13
-36,46
-30,-7
60,89
-39,49
57,5
-8,86
-35,89
-36,-9
-19,83
46,-3
55,-7
-39,88
-35,71
50,36
57,-9
-39,89
-36,66
-24,49
46,36
9,24
39,-8
41,82
-39,0
44,5
-32,-9
48,10
59,18
-28,89
-39,76
10,-2
-24,0
31,83
59,85
56,-6
-14,66
-40,61
-2,1
-39,49
-24,61
0,21
36,0
-24,33
28,78
39,30
13,8
0,27
-33,58
-14,-5
36,43
59,52
-5,43
39,74
-37,-2
-11,89
56,-7
-26,1
-8,52
31,89
-26,69
10,76
-5,-9
-38,87
-5,66
9,10
50,-9
46,-9
41,76
-32,89
-24,-6
59,80
-37,13
59,30
59,61
-26,0
-39,-2
-24,-5
59,8
-14,83
59,5
-19,55
-37,30
28,-8
59,33
-14,8
55,-2
3,-8
48,82
48,-9
-28,86
-11,-7
53,-9
-8,82
36,55
39,21
-39,78
6,-5
-16,-9
-30,74
-14,-9
52,-9
-14,89
34,74
53,87
-2,-5
-11,64
53,13
53,24
50,40
-30,90
56,43
-40,3
-39,-2
-38,69
10,0
-24,-5
59,46
55,1
-37,88
59,-9
6,33
-16,55
-39,36
-24,-2
-32,89
53,64
59,64
-11,-8
-19,61
-39,71
-33,89
60,74
60,-2
-19,88
53,5
52,-7
-37,-2
-11,30
-38,1
-35,64
36,86
-24,61
-26,33
-16,27
56,27
28,87
-2,78
-39,-10
56,-2
-2,-5
58,24
-14,36
-5,80
50,82
59,15
6,69
-28,-9
-40,5
41,33
-33,10
-24,0
-39,-9
-39,-7
60,66
-40,69
-11,80
34,-9
-11,87
-32,-7
-5,30
34,64
-8,74
-26,71
-39,86
58,52
-11,83
46,89
-24,78
19,89
53,66
59,55
-26,55
44,71
59,30
-32,74
-40,36
50,88
-21,58
28,8
-39,88
-40,83
-39,33
56,82
57,49
-19,-2
-38,66
31,1
-37,1
-8,74
-35,80
-39,18
28,86
-40,85
-37,36
-28,46
-33,83
-39,55
53,66
-8,-8
13,8
57,5
59,-7
56,-9
-30,71
-28,52
34,89
-36,85
46,-7
0,89
-5,-8
46,78
36,10
-30,36
0,5
13,86
39,30
60,64
3,88
46,33
53,-3
39,89
-35,8
-28,89
41,27
25,58
34,89
0,-7
60,21
55,69
-32,66
-32,8
46,33
55,-3
-39,15
6,80
-37,27
44,-9
9,66
-32,43
55,87
-38,89
-16,18
-19,71
46,-6
-16,-2
28,86
-5,80
13,-8
-5,30
-32,-3
58,83
-36,-9
-38,-5
59,58
3,-6
13,86
60,71
-39,71
48,-3
-28,1
-36,-6
59,80
31,89
3,-3
41,89
9,83
-39,-9
-28,74
-39,27
-37,-9
52,18
0,88
-32,30
-37,15
-21,36
-30,89
-33,-9
-35,-5
-35,-5
-21,-7
52,-9
48,55
55,-2
-33,10
6,74
50,-3
13,-5
6,46
16,-2
28,61
53,43
59,58
19,80
-36,-5
50,43
57,83
50,36
-26,52
59,49
-32,0
-21,40
-37,82
34,5
41,86
-39,69
39,-9
-39,3
-26,64
48,-9
57,27
-39,15
-28,-9
-38,-6
22,-9
-33,15
-24,88
53,21
56,-9
3,43
19,71
-24,30
-8,88
-11,43
-5,64
-24,71
-21,61
52,-9
59,74
0,-3
0,-6
55,21
-33,85
28,80
19,71
-28,21
-40,36
19,-2
-39,55
19,0
50,0
3,0
9,82
-30,-7
-35,3
41,33
31,71
-2,21
55,-9
59,49
10,-9
53,87
16,55
-32,27
34,82
56,0
41,-8
59,10
44,69
6,43
-2,86
-38,15
59,61
-30,52
-39,76
55,89
-33,55
-24,89
13,82
-38,18
-16,-9
0,85
59,-10
-8,-9
-33,89
44,52
58,61
3,-3
41,18
-11,33
46,46
57,-2
-38,-6
-26,5
-21,46
48,89
31,49
44,-9
-37,24
-8,5
36,-9
-39,-7
-39,24
-38,30
-32,80
28,87
53,80
-2,52
59,-8
25,-2
-14,-9
59,64
52,78
-39,78
59,8
-21,43
59,82
13,36
28,52
-35,71
44,3
36,49
-8,76
57,76
-38,-10
56,64
48,-9
-26,83
48,40
-16,55
16,89
9,-8
-32,3
16,-9
50,-3
41,89
-32,89
59,21
-36,3
-21,49
55,89
16,74
-37,-6
-38,43
-16,33
-2,-9
-19,40
-37,1
0,86
-8,-5
-19,-9
28,80
19,43
59,87
-26,74
59,15
16,66
-30,86
-32,18
-37,30
25,80
50,13
-24,64
-19,78
-32,-7
-8,33
59,-9
16,30
-36,-7
-39,24
55,85
41,66
-38,55
6,89
19,87
-28,55
-21,0
-19,-8
39,24
58,89
-35,83
-39,27
46,10
53,55
36,82
-37,18
9,3
-35,78
-11,55
10,49
-39,74
60,-10
46,74
-5,8
-28,66
44,-3
39,8
3,64
19,1
39,89
59,86
0,40
13,-3
-26,-3
16,80
55,3
6,66
-30,10
44,85
31,27
-2,8
25,55
6,1
-16,90
-5,21
36,89
-39,85
-14,0
-38,-9
53,0
-8,13
-28,13
39,-5
60,13
-16,-9
22,33
-35,-10
3,36
-39,69
-8,5
59,58
6,64
48,88
-26,88
58,78
55,80
-28,-10
25,89
56,66
-30,86
-32,8
-30,89
34,85
-24,71
50,78
-38,36
-39,71
-2,18
-35,46
6,1
-19,21
19,64
-11,5
52,88
53,90
59,27
-35,52
25,21
39,64
34,3
-24,0
22,24
9,-9
13,69
59,-3
52,52
-39,61
-39,78
-2,74
-35,78
3,66
-28,5
-32,76
-39,49
-14,89
-16,82
-19,71
3,40
-11,89
-39,1
52,-9
-37,1
-40,85
48,24
-33,87
-40,80
9,24
44,89
53,-10
-21,89
57,89
-28,0
59,21
58,86
22,13
48,-6
53,-3
34,89
59,64
-35,46
-19,64
-24,71
-24,-2
52,40
44,74
-33,-9
-39,18
-26,30
53,-7
-39,89
57,46
10,89
-16,55
-39,88
-39,71
41,-9
25,40
-32,30
53,30
34,76
41,89
-5,0
-8,46
-35,0
34,10
55,58
39,-3
-39,78
-28,55
56,-9
25,1
6,74
-21,-3
-21,85
-8,8
6,71
59,89
-19,85
60,78
53,52
-39,66
53,-7
0,8
-5,40
0,66
25,-2
58,13
55,76
-11,78
48,33
-5,88
-35,-6
-5,30
-35,87
-16,87
3,71
28,89
19,-9
-39,15
-5,55
22,64
-30,-2
36,-8
16,69
58,-3
22,5
-39,69
-26,78
53,58
-30,46
55,-5
48,3
-19,-5
-33,71
25,40
-16,49
50,21
0,80
59,46
39,-9
41,43
-30,-9
39,27
-35,-7
59,-8
56,66
-32,3
-24,88
-30,5
28,13
46,71
-16,1
-38,-8
53,40
34,74
50,18
-39,46
25,24
-39,24
50,86
-2,30
19,58
3,80
41,71
56,61
50,83
59,43
-37,78
39,3
50,-9
58,58
55,69
-8,82
50,58
57,89
-24,18
-37,89
6,21
39,52
52,-6
25,89
-38,30
44,15
-5,-5
48,89
-21,-9
-33,33
50,-5
44,33
48,89
9,36
6,-3
58,33
36,10
-36,88
-32,-9
53,13
59,0
59,-3
59,36
57,76
-24,-7
59,78
-39,0
-35,21
16,76
22,85
19,18
3,43
-39,5
-21,-6
41,36
46,0
50,78
9,89
-14,66
41,5
10,88
6,78
-19,-6
-8,71
-8,5
-30,15
-5,-9
13,8
-5,-3
16,43
-39,61
-37,36
-24,49
-24,13
31,21
39,21
-35,46
44,76
59,0
41,61
36,55
31,10
22,-5
0,3
-37,90
25,55
36,5
34,21
-38,27
59,66
-39,87
-28,90
39,1
-24,76
53,89
53,74
-30,61
3,40
57,52
58,1
48,-8
-11,52
-35,80
-36,3
59,89
60,5
-30,90
28,80
-2,87
-37,-6
-39,89
36,30
-19,78
22,83
-33,89
19,-6
-21,85
-19,66
-5,30
52,83
31,76
-39,5
46,89
22,18
52,58
36,89
-5,64
36,-2
52,88
34,0
-38,88
34,88
-19,66
58,5
9,1
-32,64
56,1
57,80
13,1
6,43
0,46
56,46
3,52
59,21
19,89
59,30
-24,46
56,0
-24,-9
-11,-8
19,1
50,13
50,5
-39,-9
34,85
41,89
48,5
31,82
28,89
22,-6
22,52
50,-6
46,-6
59,10
10,-10
13,-9
-14,-9
-32,-9
22,40
-21,27
-28,66
9,87
-5,55
10,66
-30,46
22,52
41,88
-36,1
39,13
52,66
-32,-9
-30,69
59,30
-33,89
44,61
60,15
-32,86
-24,88
0,36
0,27
-2,30
19,61
50,87
56,21
59,61
52,40
-28,24
36,58
13,18
-26,89
16,27
57,-7
50,-5
-2,80
44,5
28,-6
44,27
34,-9
44,-6
31,49
-24,8
-24,27
25,-9
-8,-3
28,-2
59,83
59,90
53,83
22,-9
-39,80
59,3
-39,55
-24,89
9,33
-24,-8
53,86
22,-9
36,0
22,83
-28,-6
55,78
57,69
-32,90
-38,10
13,90
48,83
59,33
34,36
22,69
-38,80
34,-9
28,82
-2,18
-11,58
56,49
-28,-8
25,55
-21,86
-37,71
60,24
-14,69
-16,69
-2,-9
-19,1
25,15
-14,74
58,55
46,-6
58,89
58,33
28,36
0,-9
-33,87
53,74
-2,83
10,-9
-38,1
-40,74
-28,82
-35,80
-39,61
-16,89
46,3
59,5
9,-3
50,3
59,74
22,-9
9,88
50,33
36,89
-14,80
60,52
59,33
-16,69
55,90
-36,89
44,13
-24,24
44,0
-19,15
46,87
-5,15
28,43
-5,18
25,0
13,13
-19,87
55,90
31,0
9,76
16,-9
-26,78
59,86
52,74
-14,10
-30,-7
28,66
16,89
52,-10
59,52
-39,27
9,78
-36,89
36,-3
57,52
39,49
3,1
52,40
-8,10
-21,-9
41,-6
0,87
9,61
-38,-9
-38,-3
-26,46
16,74
56,87
34,-9
34,3
53,-9
60,8
41,21
9,36
-35,-9
58,49
56,-9
59,30
-35,40
-38,87
-2,78
-28,87
-30,13
13,5
16,49
3,86
19,78
-30,61
59,85
-33,82
-14,27
-39,61
34,24
-36,90
-11,5
59,88
3,64
6,87
60,64
10,-9
31,10
-36,-9
-37,24
31,-8
60,82
28,69
0,-9
53,46
-11,52
25,33
-5,89
60,-3
56,64
25,-9
44,78
57,71
-30,21
41,83
-40,82
59,-6
16,52
-24,30
19,76
50,80
39,46
-24,-8
36,69
-33,-9
-39,78
10,-6
6,55
57,-9
46,78
46,-5
-2,88
-2,0
-8,40
59,82
25,-5
46,40
52,89
44,40
6,46
-30,-9
-30,80
34,-9
19,18
-14,74
-5,27
3,-9
28,55
59,13
6,5
-14,24
-33,36
56,83
46,10
48,87
6,-9
28,52
48,49
48,3
48,5
53,21
25,-9
19,27
-39,-8
-8,33
-11,8
-39,13
57,49
56,-3
25,89
-5,89
-30,15
-21,30
3,-9
59,-9
-24,69
16,46
44,3
6,15
3,61
0,24
-26,18
-33,69
39,46
59,83
58,-3
-5,80
0,58
-32,61
56,90
-8,71
55,-5
-11,24
-37,33
-26,49
53,-7
-39,74
-37,58
-21,89
44,69
31,83
-19,43
48,36
59,71
56,5
-28,30
55,10
34,30
-26,74
53,30
57,-9
31,-9
0,13
39,-5
-39,87
-38,36
57,89
56,85
-39,69
0,10
28,89
13,33
50,82
-38,89
-2,36
-36,1
-38,76
-39,49
31,52
13,69
-33,1
-39,-7
-40,49
56,55
53,-7
-30,74
60,55
31,87
50,18
31,-9
16,24
-36,1
-39,-8
-5,66
6,24
-28,33
46,71
34,64
13,89
55,18
-19,85
3,64
-5,85
-39,-9
39,55
16,74
50,-7
59,21
56,3
-21,36
25,33
50,89
52,36
-37,8
0,49
-5,89
-36,69
16,0
-21,86
-33,46
41,43
36,78
-8,55
-16,33
9,55
36,13
-38,89
-24,-9
-36,69
58,49
59,13
-2,18
-28,0
58,27
55,55
9,33
-2,89
10,30
-16,8
48,0
13,89
19,24
-5,89
-33,-9
-11,89
-37,74
-16,1
-5,74
-24,64
-30,88
-11,27
58,0
-36,24
56,43
-14,-7
28,-3
55,-9
34,8
25,27
-26,83
16,27
56,87
57,36
16,10
6,1
-24,43
-39,36
-16,5
0,87
-8,88
0,30
59,86
59,-9
59,55
-36,66
31,74
50,89
-30,80
0,46
58,15
-35,88
-39,-7
-37,-10
59,82
-32,69
59,61
-38,-5
-38,-9
-16,24
56,3
-33,89
-21,69
-39,89
-8,76
57,40
-2,18
55,80
-35,66
28,0
-35,10
-39,13
59,74
6,87
59,10
36,89
52,1
58,64
13,49
34,88
-35,24
36,-9
25,52
59,80
44,8
-11,83
55,85
-21,27
6,24
50,89
25,82
-33,66
-36,-5
-37,15
-40,21
-39,8
46,-8
-28,83
-19,49
31,76
58,15
-16,27
28,55
-5,52
-35,30
0,24
-39,33
50,10
-26,13
13,58
-30,85
57,78
31,30
16,71
-30,36
56,52
-38,24
-39,-2
19,30
3,-3
56,30
58,30
39,-9
-14,90
-14,90
6,61
36,90
-26,33
53,90
-39,21
53,43
0,5
-37,87
25,15
-38,-5
-19,49
-39,33
-28,88
-39,-8
46,85
-5,86
-26,21
59,-9
-38,10
16,3
-30,15
46,85
-21,78
-39,87
34,5
39,64
53,0
-24,69
-36,27
-35,40
-39,87
55,58
6,-5
50,66
-16,8
-2,69
-19,40
55,24
-32,5
34,15
0,52
-33,82
46,-10
-5,-8
-39,80
-16,46
59,58
-35,-9
-11,64
28,89
53,89
16,85
3,61
-39,71
-8,27
56,90
-40,18
13,71
-30,76
-14,55
-32,18
57,24
28,69
-21,0
-14,36
46,18
6,55
36,43
57,43
10,46
-39,5
-14,58
-21,5
50,3
-39,43
-14,-5
-39,40
57,-9
34,-9
28,15
-21,85
19,64
60,66
-24,-2
-39,-9
56,61
-16,-9
50,-9
-5,33
-36,89
59,27
-2,74
16,89
-14,87
-35,49
28,-9
-5,66
28,5
-36,46
46,-5
52,52
-37,64
55,76
-14,27
28,69
59,86
-24,69
-33,78
58,89
31,89
-24,10
0,33
56,88
-24,21
-16,71
50,85
19,27
55,69
31,-9
-28,83
57,66
13,30
-19,40
25,-5
-21,33
52,5
-39,89
59,88
56,88
10,82
36,-8
59,-8
36,89
44,18
-32,43
28,0
-28,86
31,78
59,80
-30,27
-39,21
22,69
19,18
-28,49
25,88
-24,-7
46,-9
0,13
19,40
-11,8
-30,89
48,40
59,55
36,43
-28,18
-8,-9
-21,89
-36,-3
41,24
22,78
-8,83
0,30
-21,58
-32,88
-39,89
-32,80
13,15
6,21
52,-2
-30,49
-32,82
31,85
-33,83
-21,-3
48,5
-5,74
-33,18
34,5
-2,86
59,66
56,-3
50,89
-37,-10
19,58
34,10
59,21
59,-8
59,18
-30,58
58,-2
44,86
59,24
10,5
60,49
-21,15
56,55
-38,40
-26,64
-14,10
-37,49
-36,64
-39,74
22,13
53,55
25,89
-19,30
50,0
55,82
-24,83
-28,-7
-8,69
52,-3
3,36
50,82
-32,89
-28,86
-33,90
50,85
56,71
41,89
-30,33
52,-3
53,86
-21,74
28,82
44,85
-5,71
-2,80
48,83
56,52
48,-7
3,30
55,40
-19,74
-36,49
53,18
-37,66
28,71
-32,21
13,3
-5,30
3,-9
-14,-6
19,87
44,-7
-32,49
-5,-7
60,-7
-5,89
16,80
-33,5
56,13
59,76
-26,82
-39,36
36,27
9,-8
25,0
56,40
9,61
-30,40
57,74
-24,-10
56,-10
6,3
0,-10
-35,76
-5,30
-28,27
34,86
-32,40
36,21
22,30
53,89
31,-6
-35,46
-21,76
59,3
6,-6
-35,89
34,76
57,15
22,0
52,89
-38,-8
52,66
48,86
60,85
-19,89
59,1
44,0
-39,40
55,0
-28,15
53,66
-28,64
-11,83
-16,0
-38,3
36,0
53,13
-39,21
28,83
-24,49
-21,89
48,8
56,-7
3,30
34,43
36,82
59,13
-16,8
-2,-3
-32,69
59,-5
-19,36
59,30
53,61
22,27
59,71
25,-9
-16,46
-33,8
25,-9
53,88
13,76
-39,69
55,66
48,27
-37,80
-14,13
-33,-7
-35,90
-2,52
60,90
-38,88
34,87
13,36
46,82
-35,49
-28,-5
48,-7
34,5
-30,55
36,30
34,0
53,-9
59,52
6,88
-30,86
-5,-6
-28,-9
19,76
-30,0
56,30
3,-5
52,89
-21,82
48,-5
50,-2
59,86
-24,88
-2,10
59,82
-40,71
-30,89
-39,64
46,27
-30,0
-5,40
-8,-3
60,36
-33,24
19,13
-39,15
52,82
58,74
31,30
39,74
31,61
-30,-9
-21,24
-16,88
-28,87
-37,24
52,-9
-37,83
-11,21
-35,36
25,36
50,55
-19,52
48,40
-26,1
-33,71
31,30
36,-9
16,86
57,33
-8,-2
25,-9
53,78
59,83
58,5
-38,0
-38,71
-8,30
19,-9
34,-9
-32,15
-11,82
-16,8
36,89
-21,-7
6,89
-5,64
6,-2
48,10
-26,74
-28,58
-39,15
19,1
6,27
53,82
55,-9
6,18
50,36
-11,89
-32,52
0,69
9,0
10,89
25,82
-36,90
-8,40
-39,89
-2,0
-35,-9
6,85
-32,55
-39,46
46,58
-39,-9
57,83
-21,21
-30,40
28,-9
-38,5
59,33
6,74
55,89
52,-5
16,82
41,27
-39,24
-40,36
-37,71
-28,-5
53,83
16,43
-5,24
-40,86
-26,87
48,-6
58,89
0,-6
-11,24
-32,8
59,64
25,82
-35,83
60,49
0,-9
-39,18
46,76
36,78
22,-9
-16,55
48,76
0,71
3,88
50,85
-21,88
-28,-8
-33,-9
6,89
31,86
-39,40
59,85
53,76
-21,-3
-19,55
-28,-5
39,80
-11,8
58,66
52,52
50,-8
-39,13
55,49
50,5
46,78
50,80
3,-9
-33,80
48,61
13,58
-36,86
52,-9
6,74
34,87
55,40
-32,43
0,30
-5,21
-8,-7
44,74
6,52
46,-2
13,86
-28,0
-37,1
10,46
16,61
34,-9
-16,87
-32,89
-21,87
-5,69
58,-9
53,69
6,-2
0,80
-21,52
52,-6
-11,86
36,71
-30,43
-37,69
-30,30
-39,-9
-8,83
56,18
-2,64
-5,-5
0,43
36,55
10,1
41,-6
-8,64
48,8
36,74
-11,1
41,-5
50,80
-21,76
10,-9
19,36
52,71
-30,13
56,-3
46,43
-24,-9
-14,89
22,46
16,76
34,36
19,-7
58,49
58,13
6,43
6,-7
39,46
31,-2
-24,83
-28,5
10,55
-2,64
53,78
-21,61
-38,15
-33,33
48,3
-32,52
-19,-8
3,74
57,3
25,49
-16,43
16,3
13,-7
58,-8
56,36
-24,21
-21,18
-21,24
50,10
-8,13
-38,87
-36,82
22,-2
48,64
58,86
39,3
28,-9
36,76
13,33
-28,-9
-32,1
-38,15
-8,46
60,49
6,-6
44,24
3,89
50,13
10,58
-19,83
-38,36
6,89
58,58
36,86
19,86
0,76
55,85
-26,24
-5,1
16,-10
-16,58
48,83
56,58
44,74
-32,8
36,82
-2,21
39,27
-21,0
13,-3
-16,-10
-39,13
-39,49
-11,43
16,49
-36,74
39,58
41,8
44,76
-39,58
34,36
-11,-9
6,71
-39,88
-35,89
-35,-5
-30,58
-30,83
-33,-9
56,18
52,30
-16,66
48,52
22,55
-36,82
53,5
16,33
55,-8
-26,21
52,3
59,36
-39,83
-28,90
39,90
-37,-9
-14,-7
55,36
-26,52
0,78
-24,27
-24,86
-36,64
25,71
-39,-9
57,80
-36,78
-39,52
13,3
39,87
-39,87
-30,58
-5,3
59,-3
55,66
-26,30
46,3
-8,46
-11,-9
-21,-8
36,36
19,30
39,15
56,3
-39,0
53,24
55,40
60,52
55,55
48,-3
3,66
19,21
41,27
25,87
52,30
-30,-9
-16,64
39,87
-24,0
59,71
-36,89
58,30
59,3
-35,74
56,58
13,30
52,36
-39,-9
-39,21
46,-3
28,24
-36,61
0,89
44,78
28,24
55,15
-5,-9
-19,86
-8,49
-38,8
-30,-9
31,43
-11,5
34,46
-5,83
0,27
52,85
6,5
48,58
-35,89
-32,87
50,49
55,-8
59,-9
50,82
6,71
0,15
3,5
44,86
31,85
-38,-5
19,-9
10,-5
46,36
-32,30
-5,-9
53,76
0,49
-37,43
-11,-9
-37,24
53,13
50,55
-11,-8
59,83
28,27
-24,-9
59,30
34,80
53,89
-28,43
60,13
-24,90
-39,27
46,-9
-35,-3
-14,58
-38,64
-28,82
59,-5
52,24
9,76
55,90
-14,55
19,49
13,52
-11,3
10,3
-39,71
-28,33
-2,-6
-19,1
-38,69
31,33
-19,-9
-33,-8
3,-2
31,86
-16,18
41,83
25,18
52,74
-5,-6
-39,55
57,40
-21,86
55,89
59,58
0,83
-26,71
13,-9
34,85
-24,71
59,55
59,46
59,55
-33,33
31,15
-39,52
-28,10
-14,71
6,1
-21,27
-39,-6
6,1
25,87
22,-2
52,55
13,74
0,-9
58,-3
19,18
-2,55
36,-5
19,46
25,-2
41,3
22,27
-36,-5
-11,-10
55,89
16,-5
-39,-8
16,36
58,8
19,10
44,40
-26,-9
52,58
-5,18
48,10
22,1
-24,0
25,80
-16,89
58,76
-16,74
-26,89
-33,69
-26,76
-38,61
16,74
55,52
25,66
-35,18
59,-9
16,40
-28,74
34,89
44,76
-8,5
-40,64
22,61
-11,89
-38,15
-14,8
0,86
56,55
-32,30
57,64
0,87
10,5
50,-7
55,33
31,1
-32,36
-16,-7
-39,87
16,71
16,-8
50,-7
0,10
-35,83
46,88
6,-5
-2,24
25,1
-24,-9
55,66
-21,76
31,74
25,46
-11,89
46,76
-39,49
-40,27
-36,24
-2,18
6,1
-35,36
16,58
13,89
44,85
-11,80
-39,1
-19,21
-36,78
60,87
59,36
-33,80
13,10
-30,-8
-2,27
31,30
3,49
-36,64
41,5
55,89
-39,-9
50,58
-40,-5
58,8
-38,86
-11,13
50,13
55,-8
28,27
-14,-5
39,13
-37,3
-39,87
-16,3
53,69
-32,-7
-33,18
25,5
13,-9
52,-6
59,21
0,-6
-26,3
-33,-6
57,80
-39,5
-39,71
-26,0
44,89
34,89
-8,5
25,10
-36,82
41,52
44,-9
-5,43
-35,74
-30,-6
-28,15
-5,-10
13,-7
-37,40
19,78
-36,-7
-14,85
13,49
16,-5
57,21
44,5
-19,-10
-21,30
41,5
25,49
31,66
-5,80
-37,86
3,-2
50,78
28,83
36,80
-30,33
55,49
25,-6
-39,40
-5,1
57,-9
-14,-9
9,21
52,21
-14,-10
59,5
52,0
59,33
-33,64
-26,-6
-39,24
39,64
-5,76
50,82
-33,58
50,0
48,27
10,-9
-11,10
-38,74
13,85
39,13
57,30
6,80
-11,-6
-21,5
-8,0
25,-9
22,76
-26,40
-2,-8
-16,-2
55,-9
-16,58
-36,85
41,74
56,15
-39,27
41,-5
-5,82
-16,-8
59,55
46,-7
-33,40
28,33
58,89
41,87
59,83
-14,-6
19,85
28,-7
34,46
39,83
-33,80
34,8
-32,43
-35,18
50,89
53,86
55,30
-35,21
-40,-3
-39,-9
34,-9
25,61
-39,33
31,89
52,89
-19,-9
-39,-9
-35,18
-24,74
-39,82
55,10
53,-9
36,18
25,1
-37,71
59,89
-28,83
59,66
31,3
-2,58
0,27
58,-9
25,74
6,88
-30,89
59,-2
-39,0
-2,13
-8,55
-21,90
-28,30
-38,89
-21,52
-24,36
-39,24
59,15
-21,71
-2,-6
13,88
56,88
19,87
-39,13
60,64
46,-7
-32,24
-2,89
-33,13
19,80
-36,-9
-30,-8
58,33
-36,86
-39,71
-39,-9
31,36
-35,88
48,3
13,-9
50,86
59,66
19,-10
-5,-7
13,-9
60,-3
34,69
0,89
-26,89
16,78
0,8
-39,46
48,61
-39,85
-21,21
-26,-8
59,43
25,-6
53,43
3,-9
46,88
-39,55
-21,87
22,30
-35,1
-5,52
39,30
-37,10
-35,-5
6,89
52,36
44,74
-38,43
53,85
53,52
-38,55
59,80
-35,76
-16,83
44,13
28,64
22,36
6,40
-36,30
-35,36
48,69
57,27
-28,40
22,24
-39,3
0,66
-39,64
-39,85
-8,85
-36,15
-21,71
48,90
-35,66
60,18
31,-7
34,89
-39,24
28,69
31,43
-39,36
60,86
19,0
39,-7
-36,78
-35,78
28,24
39,61
44,90
36,24
-2,-6
34,86
59,15
28,85
55,10
-8,58
59,86
59,74
46,-5
19,13
16,83
59,89
59,-8
-14,36
9,24
48,43
0,82
-39,78
58,86
48,83
41,40
-30,87
-2,10
44,27
-16,83
-37,89
-8,83
-24,0
-16,64
-16,78
31,55
-33,78
28,1
-35,46
-26,89
36,27
41,43
31,-2
13,80
34,-5
50,-5
46,82
34,0
31,80
-5,3
-35,49
-19,69
31,61
28,80
59,83
-33,27
-35,71
-16,80
59,89
22,43
19,0
52,36
36,89
44,-7
52,46
-36,76
-14,85
-11,89
-2,74
34,89
-38,18
48,80
55,43
-33,15
-5,21
-19,0
39,10
48,15
-39,43
3,13
48,24
-8,-7
46,89
-26,18
58,58
28,61
36,89
-39,87
48,-9
-21,61
-24,-2
41,90
-35,36
-19,58
-33,55
-37,87
34,5
36,88
59,-3
-19,-6
41,24
-33,-2
-38,58
60,87
52,88
-35,18
-30,52
13,83
58,66
-32,1
34,-2
31,86
36,-5
13,-6
-36,46
59,-7
13,5
-33,21
-33,49
28,-6
-37,8
-8,82
22,0
-2,89
53,-9
56,55
10,71
-11,74
-39,58
-32,5
53,8
-8,58
-21,58
13,66
41,-6
-19,52
39,87
46,87
25,-8
9,-10
-19,-2
-14,52
-30,-9
48,71
44,8
46,52
52,21
-11,89
-26,52
59,55
36,-9
10,69
6,71
13,15
46,66
-5,36
36,36
16,89
39,87
-30,8
58,58
-28,61
-32,-8
59,21
59,46
34,-3
48,69
31,76
59,80
-30,-9
46,5
6,89
-16,3
3,82
56,30
-38,-3
-39,13
53,85
59,1
16,78
-8,8
-8,33
59,21
59,40
44,46
56,-10
-28,89
59,86
-36,78
25,-10
59,-9
36,82
59,76
39,89
56,87
41,3
-21,83
-39,-9
3,15
48,10
50,66
48,82
-39,1
13,-7
58,5
39,-3
-11,85
22,40
-19,-9
9,21
50,86
56,69
-5,5
59,74
-39,61
25,71
-37,27
53,33
59,83
-40,87
55,83
56,90
-24,82
-16,61
-26,-9
59,-2
0,88
48,8
-8,87
53,-3
31,36
6,18
25,-9
0,15
-38,3
57,40
-39,58
41,89
53,-3
56,82
36,89
-28,69
50,27
10,3
-19,49
-36,-5
-28,66
-26,87
53,18
6,40
31,24
39,74
-26,-8
19,78
-39,85
-14,40
-11,40
28,-7
50,89
56,40
41,76
31,-6
3,21
-39,46
53,-9
39,49
39,89
-26,89
39,-6
28,13
22,0
39,71
-38,86
28,10
-26,66
58,76
-33,71
44,36
-39,69
13,8
34,61
-11,18
46,27
60,80
-39,-2
19,69
-11,40
59,85
-28,76
31,8
-11,74
13,52
-39,82
28,10
59,8
16,89
3,74
41,3
13,-6
-39,13
25,-6
-30,78
28,-7
50,71
-37,66
39,18
28,-9
41,-8
-28,-9
-38,-3
59,33
53,33
31,40
58,0
-24,5
10,89
-40,89
-35,52
-21,21
16,21
56,83
6,89
50,-9
-33,69
36,61
39,1
31,-9
-5,85
53,36
50,89
-39,10
57,-9
58,66
59,15
-2,18
44,24
57,61
-21,-9
13,61
-26,-6
-16,30
16,24
59,-2
-16,74
-39,52
-11,10
28,46
-35,-9
9,5
57,64
13,-9
19,89
28,46
-33,13
52,52
44,52
-28,-9
-39,-7
-14,88
28,46
-40,-9
59,58
-8,71
0,-8
13,33
-21,74
-32,5
57,64
-26,82
3,10
-11,89
-19,-6
50,71
-39,82
-39,82
6,-3
59,36
6,82
6,1
41,82
0,-7
-26,64
-2,90
59,69
-33,85
52,18
57,-2
-39,89
-2,86
-39,-5
-33,1
-36,18
-28,-7
-30,49
-35,27
-11,64
-26,-7
55,49
52,-9
28,13
60,-3
52,43
50,30
22,18
13,64
50,49
53,21
-24,82
52,-8
-38,21
-36,21
41,74
41,89
-35,8
-14,89
31,13
-39,13
-39,-2
25,89
-8,87
-28,89
-8,-9
-8,18
60,64
-39,40
-30,24
58,10
50,83
55,-9
16,83
52,15
3,88
41,-2
-36,-2
44,0
-36,78
13,46
19,33
-28,83
-5,24
41,18
41,46
52,21
13,1
57,76
-24,80
0,52
59,33
53,5
36,-10
59,89
22,87
-16,87
6,69
-24,0
19,-9
-32,5
13,74
-16,76
-21,-8
46,-8
56,40
-2,-8
13,80
-19,55
16,49
52,30
-36,83
53,24
57,13
13,13
-11,58
59,15
3,80
22,33
-33,27
-39,49
-2,13
41,89
-14,-7
48,64
-8,89
-28,90
59,1
57,76
-37,86
52,88
-14,15
-39,40
6,86
13,40
59,85
50,10
13,-7
6,80
50,0
3,46
-11,46
-39,18
34,71
-21,87
-40,27
16,61
-28,82
59,-10
6,15
48,89
-21,36
19,-8
0,-5
44,76
59,46
46,76
36,69
28,55
16,55
59,89
-19,43
13,82
59,55
41,64
-30,89
-2,15
-38,-9
-14,61
28,-10
-32,82
-2,49
-28,15
-36,30
-38,83
-14,5
36,58
59,64
55,5
-28,33
44,89
-24,49
48,49
16,46
57,40
-16,52
34,66
-39,76
-33,-8
-33,30
56,-9
-26,64
52,83
-35,89
-19,5
44,-9
50,49
-28,66
0,89
46,30
9,-9
59,33
59,13
-36,64
55,10
52,61
6,-9
25,-6
50,78
31,-2
59,0
-16,-8
56,1
-36,-3
59,-7
10,43
13,49
-14,86
-39,85
-16,-9
-11,15
-40,-7
0,76
-24,-3
44,-9
-38,13
59,46
-35,24
25,89
-5,-6
-35,5
0,-7
31,-5
-38,-3
-14,-3
31,-2
-24,27
52,89
34,15
-40,-10
28,18
-19,89
3,69
59,52
3,89
9,33
-24,90
0,82
9,27
28,30
3,-5
-14,90
-5,64
52,58
-36,80
0,83
31,43
50,89
46,10
44,58
-11,66
59,69
46,64
-33,89
59,66
16,3
48,5
34,89
34,52
-39,85
-21,-5
-5,46
59,27
-37,49
-26,88
-39,64
-39,80
13,18
41,-9
-39,71
46,49
3,33
-24,5
44,0
53,64
59,88
52,3
-39,55
59,86
6,46
-30,89
56,15
-14,76
41,27
-30,89
-2,88
-19,89
-30,61
-37,3
59,24
-33,43
55,18
50,89
10,71
48,64
-36,0
-37,74
-38,0
6,61
19,80
39,-10
-30,74
-36,87
58,88
-33,-5
52,49
31,18
22,-3
0,13
-28,30
13,64
-28,87
59,-2
0,27
46,52
-2,46
39,-8
55,33
55,82
39,3
-21,49
-16,71
22,76
3,64
59,89
-37,-9
-37,1
59,5
-14,78
28,89
57,8
58,74
44,10
-39,89
-14,-8
-39,-6
-39,10
3,5
22,87
52,88
-30,87
-36,3
-37,58
3,89
16,66
6,71
-39,-6
-26,66
53,15
-36,69
-28,27
52,13
59,30
19,5
56,83
-39,52
-2,36
-14,33
-14,33
31,87
-30,55
-39,-2
3,71
-19,40
-37,40
-39,87
52,-3
-28,33
25,89
53,18
50,1
48,61
52,3
-39,15
44,52
31,-5
-2,49
28,3
34,-2
59,36
-39,82
-38,89
56,-2
41,78
-40,69
59,-3
-38,40
-16,71
-24,33
-11,71
22,1
44,8
36,89
57,66
-32,24
13,21
52,10
-38,82
9,5
-33,30
46,66
55,40
34,88
19,-5
44,43
34,24
-14,46
-14,89
-39,-5
-35,49
-16,-2
52,80
-11,8
-19,69
19,46
-21,24
-21,76
39,33
16,85
53,-8
-28,40
-39,46
52,-6
48,66
50,3
-5,-9
48,5
48,85
-8,-6
-39,3
13,-3
-21,49
52,5
41,89
-24,15
46,55
-39,88
28,27
31,71
-30,30
55,10
-35,89
-36,78
44,83
59,76
-37,1
58,74
57,82
46,86
50,-6
-37,85
-30,49
-32,78
13,58
-21,-10
-24,55
-32,21
-2,87
-21,27
19,-5
22,49
-16,46
-24,1
34,85
53,-9
-39,8
-39,82
-19,-3
-35,88
-30,61
44,87
-33,-8
56,13
-40,27
41,61
-8,89
48,87
-21,-3
-8,13
60,58
-39,18
-21,18
-28,61
59,61
-36,89
41,76
34,36
-16,-9
-35,43
-21,27
34,-9
-39,-3
-38,87
0,61
41,55
58,49
19,1
-39,46
9,13
-39,61
-39,78
-19,-10
28,80
3,33
16,90
-24,64
-21,3
57,15
-2,55
41,87
-33,10
-5,85
55,85
59,13
56,-9
59,89
59,-9
22,-8
-8,8
50,74
-5,64
6,36
28,40
-39,83
-35,74
50,8
9,83
31,43
-16,55
39,71
-38,36
-24,-8
-30,82
-24,-9
-39,61
-11,-8
59,-9
46,-9
-11,80
19,33
-37,21
-11,24
-11,66
50,74
34,76
0,71
-39,-9
-39,78
28,27
56,-9
-2,15
-38,5
-32,-3
22,-3
-38,82
59,0
-16,24
-30,33
48,18
-24,40
13,10
6,-2
28,-8
28,18
31,64
57,69
-35,13
13,64
-38,40
-11,-2
55,78
-11,89
57,3
48,-7
-8,15
55,40
-36,30
53,15
-11,33
-16,1
9,10
59,-5
-21,43
-24,71
-36,-8
55,8
-39,89
13,-9
16,-6
13,33
-16,-3
-39,90
59,15
-38,27
-21,85
3,52
44,80
58,58
48,87
-2,5
34,85
-14,52
28,36
-5,-6
59,89
-19,13
-39,-9
-16,3
52,-5
56,-5
59,5
46,46
36,76
-33,-9
31,-7
57,-2
55,0
-39,85
-35,89
-32,69
-16,85
-5,89
-11,40
19,21
59,46
59,15
57,30
-35,-9
6,36
58,-9
3,43
-8,49
53,85
55,74
-37,13
-11,74
36,64
-30,80
56,-7
36,-5
22,64
-5,43
-33,-9
-19,46
-19,-2
34,5
-8,1
-26,89
-21,89
-11,80
56,58
-26,24
-16,90
48,82
39,-9
44,40
-39,33
-39,-3
56,8
10,85
36,10
41,66
-30,-2
16,49
46,13
6,8
-5,83
52,89
22,-3
-28,-6
-39,76
-33,86
41,55
9,71
-8,40
-39,8
-8,80
59,85
-38,-7
-28,86
55,30
58,5
16,46
-39,76
53,66
-39,49
-14,0
-35,58
-2,71
-5,1
-19,8
41,3
19,83
56,83
44,-10
56,3
-16,24
10,8
28,90
56,61
50,30
-36,74
-2,10
0,-2
-39,-6
28,87
-39,89
-36,58
59,86
-28,1
39,82
-26,13
16,-7
48,83
-24,43
59,10
-19,43
55,76
48,10
-14,-9
3,89
-35,36
-37,27
55,0
41,-3
59,46
-5,-9
39,0
16,83
55,-2
59,55
55,18
57,-9
-39,64
-16,1
44,-5
56,18
-5,1
-14,64
-40,76
-8,1
52,5
-36,33
-35,86
6,40
-8,-3
60,-10
39,-2
34,10
39,1
-14,27
-26,46
22,82
58,-3
-39,18
48,82
3,40
46,40
16,74
25,1
41,27
-35,-2
55,58
53,43
-37,18
-28,89
-21,3
59,24
56,18
22,66
16,46
25,33
-5,1
34,82
13,87
-16,13
48,0
57,18
0,46
19,21
-38,71
44,-9
-32,86
60,30
34,36
34,78
13,58
-32,88
19,52
44,64
-38,85
13,-3
13,33
-33,82
-2,-9
10,82
-39,15
60,27
16,-9
-36,-2
6,83
-14,88
41,30
48,-2
56,10
-37,71
-2,30
-8,71
-19,83
56,64
41,0
-5,5
-30,52
34,8
28,40
-14,58
57,15
53,15
0,89
13,55
-39,85
-19,-9
55,76
57,24
-11,3
28,33
-19,33
-38,71
13,-9
-32,0
-37,64
-26,5
-8,27
19,83
53,13
46,30
-39,87
-38,71
57,82
19,24
-40,58
-28,-2
55,-3
44,-3
-39,33
25,86
52,71
34,89
19,66
0,89
13,78
-32,64
58,49
58,13
31,49
3,33
0,10
57,1
60,18
53,-6
53,-5
31,89
25,61
-36,24
36,-8
-30,3
28,-9
53,40
55,8
55,74
59,43
44,80
46,18
44,-10
-16,-9
58,76
44,13
19,10
-33,-2
-35,80
-16,36
39,8
-33,88
44,-2
-2,1
-24,10
58,90
-38,21
-32,-3
56,0
25,10
-28,85
-37,30
-21,8
-8,71
0,-9
-5,21
-24,-9
-14,78
0,8
-14,83
50,55
-26,8
52,78
53,21
56,58
-21,15
16,89
57,78
-30,1
-2,89
25,27
-11,61
-32,15
-38,83
0,64
-28,69
59,33
56,74
-30,30
-30,78
-5,-9
-33,55
-38,21
60,46
-11,89
57,-3
57,18
-38,-7
16,-9
6,33
22,89
-5,5
-30,24
-2,71
-39,3
25,-5
39,40
-28,88
50,78
46,88
28,27
41,52
59,66
19,0
25,-10
31,90
59,55
52,43
-14,87
-38,55
36,24
55,66
-33,33
3,-3
22,-6
-40,71
57,-9
50,66
-19,8
50,58
55,52
19,69
-5,61
46,-3
16,18
22,78
-30,-6
31,69
-28,46
-26,5
-5,0
-24,-8
-37,46
-36,87
-8,89
-8,61
25,88
56,-2
-2,-9
0,49
-14,3
41,-3
57,78
-38,1
59,78
53,61
0,18
-21,30
-2,69
53,-2
-39,87
-2,80
36,69
-11,-9
-26,-9
-2,76
36,76
-39,66
-5,1
22,82
-35,58
-35,74
-24,85
-39,86
44,-10
22,66
-39,36
9,15
56,86
57,43
34,36
-2,89
-21,43
36,30
-30,5
-35,61
-32,3
25,85
-14,21
56,86
-16,1
-8,40
-11,15
-11,52
31,85
-19,89
13,-7
56,58
-14,-9
36,10
3,15
3,-9
3,-6
59,33
0,87
48,87
59,46
-36,21
-19,85
-11,27
-14,10
-39,1
9,61
-32,85
-33,30
-28,64
55,52
0,40
-19,-10
-32,-9
-19,58
50,8
31,89
6,58
3,3
60,43
55,76
52,87
46,18
-30,33
55,27
59,76
-28,89
-11,33
-33,-9
58,89
10,88
57,55
46,85
52,-7
55,-9
48,30
6,46
9,5
-37,61
10,24
-39,18
57,0
41,18
50,78
-33,10
-5,30
59,13
56,-8
-39,5
36,80
-24,89
56,43
-33,64
-39,18
-38,5
48,85
-2,21
-30,36
53,-10
52,49
-36,30
60,46
19,13
-30,89
-38,85
16,89
-39,89
-19,-8
22,80
59,74
-37,46
41,66
44,89
-38,33
60,83
10,40
-38,83
-26,89
-35,33
36,-5
13,8
-39,88
59,87
-39,78
-36,58
22,-9
59,-9
3,58
28,55
-36,52
-32,80
16,-2
-33,83
-37,52
-16,58
46,87
41,0
10,40
53,58
-38,64
6,78
48,89
3,49
-24,49
52,80
-8,40
-38,-8
-26,69
3,-3
6,1
16,83
-5,21
-8,80
0,18
59,36
44,-10
28,-9
59,86
56,-9
-39,10
59,89
55,-6
-39,36
39,-7
-36,24
-39,49
10,66
-16,88
19,82
50,80
59,33
-8,-9
28,-8
53,40
-28,24
-36,71
-21,-5
-5,58
-30,64
-39,27
10,58
0,89
59,1
34,88
-26,43
-32,43
36,15
59,-2
41,15
-38,82
58,46
46,13
13,-3
39,15
-37,5
22,85
-35,83
-8,83
28,55
13,74
-36,13
-24,40
-39,8
50,-9
-37,30
39,27
58,-8
-32,89
57,90
10,80
-36,5
-14,69
10,30
44,64
-19,52
-16,52
39,-9
-38,33
58,-10
34,13
22,61
-38,71
-11,83
31,85
-21,3
59,13
-28,36
-33,-8
57,24
57,76
39,-3
60,10
16,21
53,74
-36,-3
-26,15
60,-5
58,74
57,-9
31,76
55,71
55,74
-35,83
-19,52
-5,43
58,58
44,82
-24,-9
-5,82
41,36
-39,66
-39,86
-5,78
6,0
-33,80
55,30
-19,1
28,89
46,61
-2,-9
-19,27
59,88
22,71
-14,-9
-24,1
-28,55
34,-5
-5,1
-24,36
-14,33
56,89
-26,74
50,10
-35,10
39,52
59,87
-39,89
52,-3
22,-9
0,58
-5,0
59,61
39,18
59,24
56,85
59,10
31,85
-5,24
-21,-7
55,64
25,-2
3,13
-40,-2
-24,43
-26,-3
0,88
41,46
-24,10
19,78
16,-2
39,88
-8,5
36,-6
-35,88
13,40
-30,86
39,-5
25,88
56,89
-33,74
-39,0
52,-9
31,71
-19,64
-8,-8
34,87
46,-9
57,87
46,64
13,83
-37,61
-26,-2
3,46
46,78
19,86
-32,55
-39,-10
-16,-9
59,71
58,40
59,1
-30,-9
-8,61
-11,-3
-39,82
-8,55
-8,18
39,3
-38,21
55,87
59,24
-30,52
-19,-10
28,61
55,18
-28,5
-26,74
59,88
-21,18
46,27
50,33
-37,18
-5,85
48,71
-14,-9
50,24
25,64
19,33
36,61
16,-7
-35,89
-14,40
36,58
13,30
46,-10
55,8
-33,15
-39,-6
59,61
16,69
34,-9
3,-5
-39,88
9,80
6,27
16,89
34,8
19,82
-35,49
31,27
-26,86
50,33
50,49
-35,24
-36,61
-33,13
-30,8
-8,90
-21,33
-5,27
-35,78
22,74
0,40
57,-5
48,64
56,43
-35,-2
53,-3
44,5
44,24
16,87
-5,88
34,-6
-39,76
44,82
36,-3
31,88
13,33
-38,71
59,21
-32,86
56,89
52,55
19,90
59,74
22,69
22,18
-8,46
-30,-6
-39,-9
59,89
-8,82
19,8
34,13
9,-6
-39,-8
-28,82
-39,0
-39,-9
19,78
22,64
44,13
0,82
-5,-9
-36,-9
59,43
59,24
50,80
-38,89
-36,-9
-28,18
-28,43
3,61
-39,13
-21,69
25,43
53,40
46,74
-32,74
59,-5
-39,3
59,5
-37,27
53,-9
58,49
59,69
-37,43
44,83
-28,5
59,-5
59,-9
36,1
-32,33
36,-8
-16,40
-16,71
-16,-6
-2,55
28,-9
46,58
58,58
-11,1
-28,64
-39,24
-14,66
44,0
56,-2
-37,24
53,85
0,61
-8,89
-38,-9
13,46
-2,89
59,88
16,43
-39,49
19,36
-21,83
16,10
-16,66
41,40
53,58
-28,-7
-35,76
28,33
16,78
-37,90
41,0
-39,83
-39,30
3,1
-35,46
-38,3
28,89
-14,89
-2,27
44,74
-8,-9
-39,36
44,33
-38,10
46,-10
16,86
-11,33
39,3
-38,-9
3,83
36,89
-37,43
59,27
-19,-2
-24,0
44,76
34,69
3,21
28,69
50,1
55,3
-37,33
-21,-9
-39,58
48,18
-8,66
16,10
-38,71
-19,89
52,90
-36,78
22,36
-19,18
-16,88
-38,74
0,3
13,30
-39,55
-14,89
36,27
-33,1
-33,89
59,43
48,43
-16,89
46,64
59,52
-21,3
57,24
39,69
25,89
13,58
53,88
-32,74
19,82
0,1
50,78
28,61
22,86
-19,-3
22,1
-39,40
-32,46
-2,86
0,1
-8,49
25,-7
58,82
3,1
-14,3
-33,3
-8,-9
22,52
-38,8
58,-8
28,13
6,78
-8,78
-16,43
-35,82
59,1
44,40
31,-9
44,52
31,69
36,15
19,36
59,-9
25,21
-14,80
-26,52
56,64
-36,80
44,-5
46,69
-36,89
57,43
-28,55
34,21
0,15
-37,86
57,89
-21,18
-37,58
60,-9
22,3
-16,27
10,55
59,-9
13,3
53,49
-30,-5
53,69
34,18
56,69
-28,33
59,-3
39,83
-2,87
16,3
59,49
48,46
-11,74
16,89
0,-10
57,-3
-36,80
13,36
59,64
-14,8
52,89
-11,-7
6,85
-19,8
39,64
-38,0
31,-9
0,33
53,27
3,87
-14,89
16,-9
-39,74
-21,36
50,76
25,-5
-30,1
59,13
-28,52
10,5
-33,58
-32,74
44,0
-37,30
57,36
-24,-7
-32,61
-39,88
57,80
-14,49
16,74
39,89
-2,55
22,80
-28,80
28,-9
50,10
-33,83
-16,40
-36,69
39,15
-36,69
52,5
28,-10
-2,8
-24,89
-16,15
-39,-8
-5,66
41,76
-11,78
-2,21
-21,-6
-32,36
3,78
-39,74
-37,-9
41,69
16,76
16,8
31,46
-37,0
59,33
10,85
-38,-6
3,27
55,-10
-39,49
56,69
6,90
58,46
-40,13
46,33
-8,15
22,58
3,80
6,0
-24,-5
-8,-8
31,5
-37,58
50,83
-11,78
-5,18
60,83
3,43
22,18
6,80
-38,82
57,49
9,30
34,89
-28,87
6,-7
-8,27
50,88
48,89
36,21
53,74
55,46
28,71
9,58
59,61
19,76
6,0
36,89
56,46
57,69
-28,-9
-28,27
41,18
-24,15
48,18
59,66
57,52
-16,52
10,64
-8,85
16,90
59,74
-39,33
-8,21
31,74
50,-3
-40,36
52,89
13,-9
48,55
-37,87
-30,76
-8,43
39,88
-5,-3
10,0
48,43
-39,66
-30,-3
59,5
-19,33
6,83
59,80
25,18
48,43
-33,30
-36,8
16,89
50,-9
-8,46
-14,82
-32,-6
57,-3
34,-9
-14,82
44,80
-35,55
31,-5
6,74
46,64
13,61
6,52
41,61
25,89
-5,46
-33,40
19,71
-8,15
19,69
57,69
9,24
-5,-6
-37,80
39,30
-5,64
57,46
22,27
0,76
25,90
34,30
-39,8
-38,52
-38,3
-32,64
-38,55
60,88
28,78
-32,24
60,33
-24,46
52,55
36,40
-30,0
-21,89
-30,-8
3,13
-39,52
56,46
-19,78
-35,-7
31,74
25,46
-24,15
19,80
-33,43
-21,5
-35,86
-24,43
53,88
-26,-3
25,64
-39,13
41,-9
-2,21
-16,89
39,-6
16,-9
55,71
25,33
36,10
0,76
-32,46
56,15
-19,-2
-26,-3
-28,-5
13,5
3,71
-39,76
22,86
-5,61
60,-9
-40,5
25,-8
-8,80
22,89
31,46
36,49
-37,27
41,76
-39,27
-32,30
-11,55
-40,78
-11,58
-32,15
25,18
41,76
39,-2
-14,43
-11,66
39,3
-8,-3
39,46
46,85
41,-2
58,30
-36,64
-26,74
-21,89
56,30
59,49
56,40
-11,80
58,-2
-16,46
3,-7
-19,80
-36,80
-21,66
-39,36
-35,-9
0,78
50,33
-5,85
0,74
-28,87
-35,40
59,-2
-39,-9
-8,-2
-11,78
-26,89
0,0
-35,49
57,87
-14,15
-39,-6
55,76
6,61
59,3
10,40
-2,49
-39,80
16,64
-28,40
46,58
-8,-5
3,-8
-24,89
46,40
-30,-5
19,27
57,-3
52,-3
-16,71
59,89
19,46
-39,-6
41,43
-14,86
-36,78
-19,64
-14,74
48,15
-26,82
55,55
16,-10
-37,86
36,-2
41,74
-14,69
-32,69
34,89
-19,66
9,15
-36,87
-21,24
0,3
-33,15
59,3
59,-10
53,21
59,85
52,46
53,85
52,-9
-39,8
59,36
41,1
-24,18
-2,64
-39,82
-37,-7
52,-6
6,76
19,8
-21,33
57,-5
-19,5
59,10
56,30
0,52
-28,-9
-35,82
-24,40
13,71
-36,76
34,18
3,-9
19,-9
-33,-3
48,82
13,80
-36,46
-39,13
-11,82
-28,46
-33,87
19,82
-21,64
58,74
-24,3
-16,-9
-39,80
-14,1
44,46
3,5
-39,61
59,87
41,21
60,3
57,55
36,-9
-35,76
-39,80
59,76
-14,78
50,1
-39,89
31,40
58,-5
41,83
-14,-9
-33,64
52,86
41,74
56,13
52,-6
-26,61
-32,69
25,-7
-24,-8
9,-5
-26,5
16,71
28,78
-21,74
16,69
9,69
-11,83
36,43
0,85
-39,83
-5,24
-14,78
44,3
13,49
48,55
-40,69
56,78
-30,-8
36,-10
34,71
-5,-9
-19,46
-5,43
-35,86
48,80
58,85
-36,21
-16,55
59,80
-40,36
-26,-9
22,-8
-35,69
13,87
3,87
6,49
44,78
53,55
10,55
-19,89
31,88
-28,-3
-28,-5
-37,40
-24,66
19,49
58,43
-38,64
-30,74
-16,10
50,-9
0,55
59,49
-16,1
-39,30
50,8
39,64
-36,18
-24,-3
52,76
-2,86
50,74
19,-8
56,89
-5,30
-8,78
22,61
25,52
41,-9
55,-8
-35,61
-14,0
-19,52
57,69
0,46
-5,-6
57,89
36,24
55,55
-35,33
59,71
52,85
-39,78
-30,69
44,-3
-14,5
60,58
19,30
22,40
13,15
-14,86
-26,43
46,-2
25,-7
-33,-2
-19,27
50,69
-37,85
-26,71
-35,85
-33,10
28,90
31,66
36,64
59,49
28,3
39,-7
-39,55
31,-6
19,-5
52,89
22,89
57,43
-19,33
-28,71
59,78
56,40
3,64
-19,78
16,74
48,49
-33,30
-28,66
-32,-2
0,52
-19,-9
-39,13
-32,43
50,-9
13,61
60,18
-39,10
41,8
-2,78
44,-9
25,-3
-14,33
50,82
57,40
-24,27
44,71
-39,52
-37,87
41,30
-8,55
19,33
-8,-10
-39,86
0,85
57,69
-37,-6
41,66
-19,85
59,85
16,80
25,13
-26,-9
56,10
48,58
-35,78
22,55
-40,78
-21,-2
39,-8
44,21
-14,58
-39,27
-21,36
48,36
58,24
-11,64
28,80
-39,-5
-28,-10
52,36
3,71
41,78
28,64
-38,8
25,1
6,61
55,88
46,89
39,36
57,13
-35,85
-30,55
-36,49
36,43
60,71
25,33
36,46
-11,49
-35,87
0,78
-11,-3
39,58
16,-3
-21,90
57,74
48,78
57,-8
-2,88
36,-8
-40,-6
22,15
59,21
53,24
39,-9
-38,18
31,89
-38,0
36,76
-39,0
-24,0
-39,78
34,49
-36,49
22,78
52,43
59,-2
25,5
19,30
58,3
-35,61
-30,1
50,5
13,-9
13,-9
-35,55
55,15
3,8
-21,71
3,87
-26,0
22,1
-21,27
55,-9
-32,55
39,21
19,8
-33,8
36,89
-39,55
52,3
-30,27
48,89
46,88
-11,89
-37,10
-28,83
57,46
-5,61
56,8
-39,-6
9,76
50,58
34,64
19,78
28,87
48,27
-30,43
57,5
0,55
31,24
34,89
57,-5
53,89
46,52
-5,78
-16,0
36,89
-21,55
-30,61
13,66
6,88
-39,74
34,-5
-39,86
39,61
31,33
-11,71
6,-3
22,78
-21,89
-14,55
-2,-6
-24,80
13,27
0,8
-36,-9
53,86
3,15
-11,85
44,-7
-2,-6
-37,66
53,78
57,40
22,-9
-33,49
-36,69
-38,85
9,52
39,61
52,-5
-19,33
56,30
-21,-3
22,85
-38,-5
19,13
-16,-3
25,-10
13,-5
-37,78
-33,-7
-14,66
-28,5
36,66
19,18
19,24
9,27
-33,-9
-39,8
-30,43
19,86
44,24
59,36
-8,76
59,36
-39,80
53,85
-38,-6
39,82
31,78
-35,89
-8,-5
-19,66
41,5
53,3
-38,64
-2,33
59,21
-8,-9
25,87
25,82
-8,83
39,15
0,13
44,83
57,78
0,85
-37,-3
-5,90
13,86
13,0
6,58
-39,-3
-26,86
31,61
46,21
50,-9
-19,66
-8,89
-36,40
-36,13
-32,89
-21,27
58,1
-36,-9
25,-8
-36,78
44,40
-33,24
50,46
57,49
53,27
39,-6
-33,85
-11,18
-36,0
55,80
-39,43
58,30
-33,-9
-26,89
-35,3
-39,74
58,5
19,40
3,-3
-35,-9
57,89
-39,18
-19,-8
-11,90
53,24
57,15
-39,88
-32,89
-36,-5
-36,33
34,74
-38,24
22,83
36,5
-8,21
-28,-3
-39,-2
57,-8
55,-3
-24,1
0,52
41,46
39,43
56,74
36,-7
-32,-9
31,36
-26,1
-8,3
-39,52
59,-8
-21,71
-8,89
36,83
-28,64
9,30
41,55
48,82
-14,43
-28,58
-36,89
59,66
57,-9
6,18
56,49
41,0
-33,-3
22,78
44,52
-2,10
46,10
13,40
58,83
60,8
39,24
59,82
59,1
39,24
36,58
57,5
3,15
-21,46
-26,85
56,8
-26,80
59,24
-30,15
-19,89
53,13
-40,88
-40,46
25,85
-33,89
-36,89
31,46
-5,78
-38,64
59,74
22,89
22,-6
-26,-7
3,3
-39,87
41,52
39,13
0,-9
-39,87
60,58
-38,49
53,49
44,30
41,78
-32,43
-39,80
-11,49
-28,-9
0,33
-36,58
48,18
-40,89
-38,30
-5,74
34,24
-11,43
-39,88
9,86
-11,-2
-16,78
13,82
-39,69
-19,87
57,15
-38,21
50,83
-2,-5
-36,-5
-39,74
-33,89
59,-7
36,83
13,76
-39,71
-39,8
59,89
36,33
13,46
46,27
3,46
53,30
19,86
-28,10
-8,21
-33,89
36,21
52,66
34,58
41,46
19,24
-39,49
34,15
36,69
-21,58
28,-5
25,-2
-26,-9
19,1
-16,21
-39,83
28,86
6,49
10,74
60,-3
41,90
-11,82
31,89
50,74
-19,52
-8,-2
28,-2
-28,61
46,-7
13,-8
-36,66
-14,58
13,49
-39,10
-35,83
59,85
-26,-9
28,10
-32,15
-33,40
-16,85
31,69
16,58
-30,58
22,1
10,-2
-30,89
-33,3
28,52
41,1
34,-9
48,24
-33,76
59,89
52,90
-30,66
-14,43
-19,61
50,64
48,52
-39,64
-24,21
19,89
-14,27
-26,-3
34,49
59,-3
34,86
58,0
-24,5
-5,0
16,49
-5,87
0,85
-11,76
58,64
-39,64
0,88
-24,80
-36,33
59,40
31,-6
-16,-9
-35,89
-33,27
-26,13
-14,-2
-36,86
50,36
3,80
41,21
-40,89
19,3
48,88
6,69
-37,43
44,87
41,-9
48,83
55,40
-26,69
-35,3
19,88
59,90
25,30
22,55
-35,0
6,-9
0,-5
25,-5
-39,85
10,-3
6,87
44,86
46,89
6,-5
-39,36
-2,89
22,55
-5,21
3,74
57,-9
-39,5
-11,24
59,30
50,86
13,18
-5,89
52,86
58,58
13,13
-39,-10
57,0
39,-8
57,33
-19,52
19,-2
16,1
44,15
13,52
-39,33
6,24
-33,86
56,-3
-21,58
-16,83
-32,83
-2,24
-33,82
-2,52
52,33
-11,15
9,76
31,-3
41,27
44,82
-32,64
-11,-3
60,1
59,43
58,-8
25,52
-16,43
13,58
13,49
13,-7
25,1
-19,21
0,86
-24,15
56,71
28,13
31,71
-40,87
59,90
-8,78
-8,55
34,33
-11,83
44,-6
-37,-9
36,-6
-39,52
-39,24
-39,-7
52,89
36,0
-11,-2
19,46
-32,55
55,15
36,83
-39,13
46,-9
-8,3
55,5
-33,88
-39,88
31,58
-39,33
19,-9
0,88
-21,10
41,27
25,21
34,66
16,66
6,8
-37,-10
-38,10
-11,69
34,43
-21,89
6,13
59,-10
39,52
-14,0
-14,52
16,-9
-28,80
-37,89
59,49
-5,-6
-16,86
44,33
-21,61
34,-9
-33,55
-38,-7
-35,61
55,58
28,40
58,46
-39,76
56,30
59,-8
56,82
-19,80
50,86
57,89
39,64
6,-3
-21,61
9,88
-16,43
16,83
25,89
6,49
16,80
31,10
6,-9
46,88
3,5
-11,8
-28,36
59,8
58,-6
-19,18
59,-8
-11,-2
50,18
-38,55
44,71
52,8
-36,78
53,89
-21,52
-24,-9
55,71
-32,71
-37,40
-21,69
-30,-5
9,49
-28,55
41,87
-39,61
55,55
-28,82
6,-9
3,80
13,-2
-38,-5
36,85
39,-9
-24,-2
55,61
55,69
13,52
-33,21
53,46
-28,83
-5,27
53,78
-32,52
57,30
-8,36
-40,66
-39,61
53,-10
59,86
-24,18
-32,10
25,88
-28,1
50,5
-28,30
57,-9
6,89
-11,-3
-37,0
19,-7
59,8
22,-5
6,15
-16,76
-38,5
-28,89
9,10
56,-6
31,71
57,64
59,71
59,85
6,49
13,52
-39,-3
-33,18
-39,-3
41,10
48,24
39,-6
-36,89
-37,-8
-19,40
58,66
57,83
-36,61
-5,33
59,30
59,66
-39,-7
-39,58
50,-9
9,-9
-2,36
19,74
22,85
41,43
55,86
-16,-5
46,74
-8,40
31,-9
-14,82
59,61
-19,49
-28,-6
0,46
44,33
-5,5
-30,-7
-38,-9
57,3
-35,1
-33,0
34,82
39,-9
-32,3
-5,55
-26,-3
-33,85
59,3
-2,52
-11,76
-37,-8
9,83
59,-9
-8,80
59,88
6,55
-33,24
-39,74
55,49
-39,0
-28,82
-39,30
-26,21
-14,-8
-28,-10
-19,8
-5,0
41,64
-2,74
50,61
13,64
53,5
59,27
28,-7
-19,30
-39,33
28,33
-8,1
36,18
36,89
0,89
48,8
-39,1
57,-7
-39,74
-2,1
-2,3
-5,46
48,10
6,10
44,33
-26,89
31,-6
3,85
-32,71
48,55
-39,43
6,15
44,86
-2,80
22,8
-26,46
-33,27
59,-9
-14,15
36,-5
22,27
16,24
34,-5
53,90
-38,40
58,43
-2,-9
46,90
-26,0
-5,15
22,-5
28,3
-26,74
48,40
-39,-8
16,30
-11,13
48,55
58,27
34,0
-32,-7
39,58
-32,13
-28,-7
-32,49
6,5
46,82
22,89
-33,66
28,-6
48,89
59,-8
28,88
59,33
34,24
44,36
22,10
46,1
-36,89
-16,87
-39,-5
-39,52
53,36
39,88
-36,-3
0,10
-2,36
-30,18
55,86
-39,46
56,-9
-21,85
16,82
16,-5
13,90
55,86
48,-7
3,13
-39,24
28,30
-28,89
-36,71
-24,10
59,-2
39,55
-11,15
58,27
-33,83
-37,1
48,-9
-11,5
34,89
-32,15
22,30
-26,43
28,61
59,78
0,71
48,64
-21,58
52,-7
13,76
36,78
25,85
-39,30
25,40
59,-8
-39,-5
-33,64
31,66
36,66
-28,87
16,80
-39,13
28,76
-39,30
-33,89
36,69
22,49
-5,-2
19,58
-35,5
59,18
-11,89
-2,55
-11,49
50,55
28,86
-21,40
-36,49
-16,-2
44,83
-16,18
19,43
36,27
34,66
3,-6
-14,-7
52,76
-21,13
0,-9
-38,88
46,24
-37,8
16,-9
16,89
22,74
13,36
-38,-6
-36,49
57,88
39,-3
-24,71
-35,30
-21,89
46,-7
36,66
57,33
-32,-7
3,82
31,74
58,21
-32,30
-37,71
57,76
-21,24
-28,40
6,66
34,-9
52,80
50,24
3,15
41,82
57,74
41,85
39,36
0,18
58,24
55,-3
22,49
-2,24
-36,33
41,-9
-5,74
-16,90
-39,36
-26,61
19,-6
-16,1
-11,-7
10,13
25,90
-19,-9
6,-5
55,46
-5,-6
-40,66
34,40
3,71
-35,33
55,24
58,8
55,82
0,13
36,46
13,74
28,80
41,36
-36,80
3,-5
-16,36
-36,13
22,30
-39,89
-33,-5
-16,89
3,-10
-35,24
59,-8
0,89
-16,83
25,-5
59,30
-37,82
19,-6
16,87
-38,69
55,1
-39,8
-30,43
16,-7
10,89
34,36
-39,3
-8,86
0,87
13,74
39,89
-38,-10
-39,36
41,43
-28,27
6,-2
25,86
3,5
41,10
19,76
31,30
-19,33
55,-7
-26,87
25,87
-19,30
57,55
-2,1
-37,10
-37,85
-37,0
58,82
-14,66
-11,33
50,40
55,76
25,15
53,89
28,3
16,88
59,87
59,8
-37,83
-2,-9
-24,78
13,3
-21,18
34,83
34,40
25,71
19,89
-2,0
-36,66
52,1
58,18
-39,66
58,-6
55,69
56,30
-2,-5
59,89
59,0
58,-5
-39,15
-38,15
53,-3
59,89
48,40
28,61
52,-9
16,64
-39,66
55,40
3,49
56,-8
16,-9
-32,43
19,43
44,8
-5,8
19,64
-2,13
19,-9
-30,8
36,52
-19,21
-40,-9
59,-7
48,0
-33,-2
56,55
39,69
-39,15
-28,21
58,58
9,61
13,18
28,86
50,-8
6,36
-40,-5
59,58
39,49
3,-5
-39,71
50,3
-36,52
53,-2
-26,-9
41,3
-2,3
6,24
-14,89
-36,-9
41,-9
6,8
-24,-7
-19,24
-21,82
59,88
-11,86
6,86
0,0
-39,80
-36,-9
59,89
22,69
55,24
52,76
-5,89
-33,0
0,8
-39,-5
-38,15
44,76
41,5
28,52
-5,55
-38,33
59,43
59,66
-16,0
-16,89
-35,-8
-30,-9
-2,80
-39,46
53,83
-37,10
59,-2
-21,10
-36,-5
34,-3
-36,80
-28,46
3,64
-30,-10
0,76
59,1
48,43
52,1
-39,-9
31,55
58,-5
-11,71
-11,24
16,0
-40,87
-16,27
3,55
59,-3
44,69
52,43
-33,69
59,15
3,78
19,-8
-32,5
-37,5
36,90
19,3
39,10
39,30
19,-9
-36,10
-37,0
-14,15
57,69
36,69
-32,13
3,-6
-39,27
55,64
52,83
59,52
-5,78
41,71
-11,46
10,40
3,40
-5,-9
39,-3
-30,88
48,24
-21,36
57,-5
16,-2
39,-9
-39,-6
36,46
56,24
-11,64
-26,89
59,74
46,46
46,86
-2,78
55,49
-26,1
-39,87
31,86
52,82
39,89
52,8
57,46
36,83
52,13
13,69
-21,24
-40,61
-36,76
0,64
39,13
-36,5
48,78
41,64
28,69
39,86
59,85
-37,82
-33,88
-38,90
57,-2
-32,64
48,85
56,21
50,89
6,78
25,89
58,58
-26,76
-32,88
59,27
59,89
56,10
-39,46
13,43
34,-9
6,5
44,-6
-11,15
-36,89
55,-9
57,-7
3,66
-38,-7
0,43
44,10
-19,18
44,-9
56,13
-11,55
-2,86
-36,1
16,15
9,-9
-39,33
-28,15
39,46
-28,18
52,24
44,87
-24,18
-28,85
16,-2
22,24
-28,5
53,1
44,80
-30,13
19,24
-37,61
59,24
-37,66
-39,33
59,-6
28,76
-33,74
16,85
-19,-9
-5,3
10,58
57,-8
-38,-3
-28,66
-35,-5
-28,-9
13,85
34,55
-36,18
16,89
36,15
-33,1
-39,55
59,13
-39,90
-39,88
48,88
-19,1
-24,74
55,33
25,71
48,36
55,24
-30,-9
-39,-10
22,-5
41,49
46,66
6,-3
48,86
57,74
-37,85
48,66
50,40
-24,36
-2,13
44,88
39,30
56,13
59,49
55,27
59,74
53,0
19,86
-28,5
52,-7
50,10
-24,15
-38,49
3,74
36,89
57,10
-21,-5
44,49
-40,86
-28,46
-21,0
-39,61
59,55
-39,21
58,76
50,89
36,5
-39,71
-32,55
36,83
34,18
57,86
28,74
10,89
0,-7
-39,86
-11,-5
52,3
56,30
46,33
60,89
46,43
-39,-9
53,-3
53,90
22,33
59,78
57,36
-5,89
-39,13
25,18
60,49
19,88
0,83
-40,83
-36,36
-32,69
16,89
55,89
56,83
16,49
59,46
-38,-7
39,89
-39,30
6,89
46,61
9,89
58,-5
-39,15
-26,3
-21,5
48,69
52,5
-24,61
-33,-8
59,3
-30,76
-32,64
55,43
57,13
-2,8
-32,1
48,30
-39,76
25,58
-30,55
59,33
36,33
59,13
13,43
46,52
36,15
28,46
22,49
-37,89
-5,49
25,13
59,0
-35,-2
-16,80
-39,18
44,90
3,71
-28,-5
34,15
28,86
-40,86
59,30
-28,49
10,10
-26,0
-38,18
58,-6
-33,89
55,-2
-24,46
60,-3
-21,78
-16,46
59,46
31,89
-36,89
9,-7
-39,-9
-39,24
53,55
19,-2
41,89
-19,-10
19,86
41,80
44,52
-5,78
58,88
57,8
-37,8
-5,-9
19,61
22,82
3,5
6,5
25,8
-39,43
-40,80
-5,-2
-36,24
-11,64
55,-9
41,-5
58,85
53,46
28,13
41,-2
36,78
-33,36
-11,66
0,-8
-39,-9
-19,49
57,30
-24,76
6,18
-30,24
46,87
19,-6
-38,78
3,80
-2,18
9,49
-32,87
-5,3
-24,30
19,61
-11,-9
16,36
48,86
53,90
60,13
56,61
36,-9
13,-9
10,61
-35,82
-39,74
13,69
34,-5
36,58
-11,5
50,18
-39,8
-14,-9
-39,82
55,89
-32,49
28,0
-2,80
36,46
44,71
6,82
-21,66
58,90
-8,74
46,24
-30,30
-39,83
19,1
31,18
-11,89
-28,-9
-5,43
-24,83
-40,82
-2,85
-14,49
28,46
6,85
59,66
13,82
48,74
-16,40
60,76
56,-9
-39,-10
55,66
59,-9
22,58
46,90
-24,27
59,36
-19,40
-40,8
31,8
34,69
-37,3
-39,74
-33,61
-21,80
48,18
55,78
59,5
55,76
-5,88
9,21
-14,74
44,87
-33,55
-8,61
-24,15
-16,1
28,89
-28,3
59,27
-40,82
28,1
-39,86
25,55
25,-9
-28,78
46,83
-30,78
53,69
-37,80
34,15
-36,24
-33,52
-28,8
-36,-9
25,10
-36,-2
0,88
-38,58
0,1
48,88
-33,76
36,-9
22,-9
22,1
-30,58
-19,89
6,33
-16,24
46,40
-21,89
56,-8
-30,36
22,89
-35,-3
34,46
59,87
16,76
34,1
-35,52
-21,83
46,43
-11,85
19,21
0,86
46,-9
-33,71
-39,10
-19,-8
31,78
58,-2
25,61
-11,-8
57,74
-36,89
-11,18
-39,-3
46,-7
-39,-8
-37,71
-39,30
59,-7
53,66
25,1
59,71
16,43
-40,27
22,0
-36,3
-26,-9
31,69
-2,-9
46,83
-38,5
-38,64
56,74
53,-9
-5,86
-36,-5
-19,8
44,-2
58,64
31,10
-32,-9
53,-5
3,-9
56,43
-21,-9
55,-6
-37,-6
-19,52
-5,64
25,46
-36,-9
3,-8
52,27
-5,1
58,64
53,58
55,80
59,-3
36,90
-28,0
55,-9
-36,18
-11,10
-24,46
39,15
-35,82
-38,30
53,13
44,3
-32,18
59,24
44,3
-19,71
-39,78
-28,15
-33,-9
56,89
31,33
-37,71
-39,74
16,74
55,74
-8,89
31,27
34,33
-24,89
25,82
53,36
56,46
48,0
-11,89
-8,24
36,87
59,1
-8,76
-33,78
-19,78
50,24
50,87
-30,64
9,-9
-19,-8
58,-7
-37,85
-28,5
3,40
-39,-7
-35,66
53,-6
59,-9
36,69
-39,21
6,52
34,82
-14,86
-32,61
16,71
-38,83
-39,15
52,64
13,87
13,89
31,76
59,10
41,69
-30,89
50,-8
22,89
-37,30
6,5
59,55
-36,-5
36,15
36,52
-2,71
-30,-3
13,-3
34,89
44,74
53,-7
-39,58
-2,52
50,69
-40,55
-39,-3
-26,82
59,52
-16,40
-38,3
-39,33
28,74
39,80
13,-7
0,13
46,-8
28,69
56,-3
-11,13
34,18
-26,10
-19,58
-16,49
10,15
48,21
28,30
0,86
50,82
56,27
-38,0
-30,-9
52,71
58,13
-11,82
28,82
36,76
48,69
44,-3
-37,55
58,1
52,-7
16,89
-39,71
-30,36
-19,69
39,-3
-38,3
-28,90
-14,1
-2,66
-24,85
39,10
39,21
-32,-7
-5,13
-21,-5
57,-5
-16,89
39,-8
-39,71
-21,89
59,87
-36,49
-5,5
56,80
53,64
58,61
57,8
16,33
-8,64
50,55
-40,88
-11,52
60,78
-24,46
-38,13
-33,76
-39,86
-14,88
-33,58
-16,-9
-21,43
36,-6
-24,-2
46,-6
46,-10
-38,55
53,21
-14,89
-14,21
46,15
-38,15
44,87
57,-2
60,-2
59,43
-39,8
-28,-10
-39,-5
-2,71
-8,69
44,88
36,-3
16,66
-39,80
46,87
-16,52
56,85
6,64
59,88
3,-8
-39,80
-39,-3
-36,-5
-19,55
-39,-3
31,15
36,21
59,71
59,40
-40,78
-36,27
-32,36
55,-5
-33,89
59,46
16,85
52,5
-40,86
-26,82
-37,85
-5,-9
0,76
57,82
59,86
25,86
39,-6
-28,89
-2,74
60,71
53,89
-30,58
6,3
0,71
36,-2
52,55
44,87
-39,18
13,27
-24,58
-36,21
-28,64
57,-7
-26,58
56,3
-32,89
6,10
-11,78
-35,10
6,85
-28,-9
41,24
-36,83
-14,80
-39,21
-2,33
3,82
-37,66
0,52
55,78
22,-9
53,40
3,61
-30,85
-8,10
55,76
16,-2
44,-10
44,55
34,1
48,-8
53,88
59,85
34,80
22,-9
-24,78
-37,89
-30,80
-2,61
-36,-2
-24,52
-35,-8
52,18
34,33
59,15
-11,89
50,89
-37,-6
-32,66
25,27
55,87
-19,-2
52,52
6,8
-39,49
-26,40
28,82
31,83
55,86
6,46
56,61
53,21
-19,64
10,71
52,64
59,-9
-19,3
16,18
-39,49
-26,85
0,43
22,21
-30,-2
41,52
39,61
25,90
46,-7
-14,86
-35,71
48,-5
-11,55
44,40
57,-3
0,46
22,8
44,-9
59,58
19,76
-33,-6
-21,52
13,71
-28,74
57,71
31,87
28,61
25,-5
46,27
-11,-2
-36,15
57,3
34,82
-5,21
-33,76
-39,78
60,-9
44,66
-14,40
28,24
56,74
28,83
25,-7
59,-9
57,66
59,71
57,13
44,89
-11,87
-35,1
0,33
31,-5
60,78
-16,-8
-5,46
48,-8
3,55
34,46
22,40
25,0
-39,13
57,21
16,0
56,21
58,80
50,66
59,36
19,69
0,30
0,74
-16,3
31,-10
-5,76
-38,88
44,13
44,-7
59,-2
-39,-7
34,-8
0,10
16,40
-28,85
-39,-2
44,69
25,66
31,90
59,13
55,13
-26,66
-32,71
-37,-2
53,1
-38,89
59,36
19,-9
-40,-5
16,87
16,-7
41,71
-8,80
-2,30
-32,-2
59,71
-8,74
59,10
-28,15
52,27
3,43
-33,36
48,89
13,1
-32,3
55,-8
-8,43
-2,43
-28,82
-26,40
-26,-10
59,64
25,0
48,87
-30,69
22,-9
-24,88
52,36
-2,89
13,-2
-24,-5
56,3
-33,18
57,21
-39,86
59,40
-8,64
50,55
39,88
-16,78
-26,24
36,55
59,36
-11,78
50,66
-40,33
44,-6
-11,30
-33,83
16,89
-35,43
-5,58
34,15
-24,88
52,27
59,36
-21,89
57,61
60,46
50,-6
41,87
13,58
46,69
50,80
60,87
39,0
-21,33
-5,36
6,85
56,76
-8,3
-37,89
55,49
28,82
6,27
58,27
55,87
60,-2
59,-9
0,8
3,-3
44,40
44,52
-32,74
-19,64
3,24
22,49
-30,61
16,83
-26,69
55,43
52,78
3,-5
-39,13
-21,18
-11,89
-24,52
39,21
28,1
-32,90
48,46
-36,89
19,89
56,-7
-11,0
31,80
36,74
53,-6
44,15
52,43
9,27
57,69
-36,89
-39,78
36,43
59,64
-36,80
44,33
-36,89
-38,18
-39,85
-24,76
22,69
6,83
28,-8
-35,18
28,-2
6,-9
58,52
-21,55
28,40
-38,1
31,86
-26,86
-28,-6
-26,3
-11,46
16,89
59,78
55,52
50,5
-39,76
0,71
19,43
-28,89
-33,-6
-30,89
-38,-8
-26,21
13,89
57,61
-8,21
13,3
55,49
48,58
-37,74
-16,-7
59,90
-26,49
53,61
53,1
36,30
59,-9
-35,15
39,71
-16,64
13,83
-28,89
-19,-9
-5,0
-28,-9
56,-9
60,27
44,69
-33,90
-39,86
59,46
-39,-6
59,-6
59,3
-39,-9
-5,-9
-14,18
-24,82
16,21
-35,13
16,64
56,64
-21,27
34,74
-5,40
57,66
-2,27
34,43
48,89
10,-7
19,66
-33,58
22,30
-24,-6
3,36
16,30
-39,40
58,21
-39,76
-39,-2
-8,-3
25,64
41,-5
-39,-5
57,15
-30,69
57,15
-35,-8
53,33
-16,85
-11,88
-40,58
59,88
-2,-2
-30,82
57,33
58,-6
19,27
-16,13
46,64
31,-9
-38,71
22,0
60,1
56,83
22,3
34,55
-35,89
59,43
57,76
-5,27
60,13
6,5
58,78
36,88
16,-7
-39,78
-8,10
-37,61
-26,0
-14,43
31,43
6,0
25,27
-21,86
-2,61
39,52
-16,58
-14,-5
25,-9
56,52
-39,78
36,-7
6,13
-33,78
-38,58
59,-9
41,10
3,64
-33,-3
58,88
-16,64
59,-9
59,27
-37,36
-5,-9