-264,306
552,-75
224,-38
538,-84
591,891
-352,306
6,852
599,742
-399,804
99,275
-84,864
367,-84
-352,584
-352,822
-304,875
575,554
-352,-99
-84,-100
-84,275
584,14
-396,275
-322,785
-375,215
284,693
575,-38
6,14
-218,-38
591,431
-242,-96
600,337
100,81
6,554
-352,306
596,-38
393,14
599,245
-391,875
575,-22
522,275
552,-75
393,822
224,-100
162,640
504,804
-167,245
-242,718
599,-4
-84,215
-364,306
418,306
68,640
-304,-22
-396,900
-84,400
-218,368
-140,764
-54,57
367,493
552,822
393,667
485,852
367,891
485,667
-84,493
-242,81
-264,742
552,693
-218,106
575,693
538,337
193,106
284,899
584,14
-400,875
-140,693
340,493
504,187
-167,554
131,368
564,838
37,-4
100,612
284,462
131,306
-352,-64
-399,337
367,81
-54,159
596,306
600,215
599,852
-322,640
-54,584
-322,-84
-391,524
504,-91
-384,-99
485,368
485,431
485,891
-193,81
224,-4
591,554
418,-22
-304,764
6,554
6,899
504,899
591,187
464,804
224,822
-391,884
584,764
584,493
99,493
-193,-100
-167,-52
367,864
-338,-75
-304,852
193,764
464,431
538,742
552,864
100,822
-391,400
575,368
-364,852
485,-99
6,852
193,554
575,584
-218,-96
-242,-38
538,875
-352,159
-400,462
131,554
552,159
-352,81
162,-4
37,431
6,822
575,693
464,462
100,215
418,-64
442,822
584,764
68,132
37,667
464,106
162,852
584,891
-352,884
-84,-96
552,852
-218,822
-375,215
-264,35
464,852
224,-22
284,822
193,584
-399,838
-112,306
538,-38
312,804
599,884
340,742
-242,493
-24,667
68,57
-84,159
-167,822
584,-22
552,57
284,-84
-193,612
-167,612
599,337
464,431
-167,-38
584,822
193,-22
-24,864
312,524
584,462
596,-99
367,804
-24,891
-140,742
-84,306
596,718
-112,337
504,822
584,838
-304,215
37,-84
-384,400
37,875
-112,-22
564,667
-285,106
442,81
584,891
591,-22
599,612
6,-84
-391,306
599,159
393,-64
-140,368
596,764
-193,718
-112,524
-322,524
284,14
464,838
-338,215
600,804
418,35
-396,891
538,-91
599,132
504,804
-193,400
-304,891
-218,884
464,245
-364,640
99,-84
68,431
442,431
-396,132
254,884
68,106
224,306
-218,-4
393,804
-396,187
564,14
504,-91
-364,400
575,57
37,-75
131,-99
-396,852
-167,35
464,875
-304,159
464,368
-400,584
367,245
-140,900
418,-64
393,742
504,106
-322,838
-167,81
552,742
591,640
193,215
-375,245
-322,899
522,785
-242,864
-384,-100
-399,-96
-140,106
522,884
564,667
485,57
-285,822
-304,852
-24,-64
-264,275
442,493
100,431
-285,852
464,785
131,368
37,822
-264,-84
254,81
584,742
596,640
599,-52
131,-99
100,-84
584,245
599,132
367,884
393,896
-399,-91
-384,554
599,554
-54,584
575,-75
-167,742
-322,-52
-375,215
100,896
-304,215
254,-64
68,400
564,612
564,896
193,640
-375,493
367,-4
485,-99
-352,764
37,400
584,584
-193,-84
367,875
564,-22
-84,-91
418,-64
442,431
418,891
6,-99
-396,-38
-399,106
-352,106
418,-4
-112,106
-24,852
-285,493
591,493
162,159
393,667
-352,875
367,368
-218,896
-322,187
-400,81
-364,400
-242,693
464,-4
-193,306
193,-91
-396,431
284,306
575,884
-304,764
-24,-99
591,896
224,-96
-54,81
-399,-64
-322,400
-112,81
-285,337
-352,718
-285,-75
-54,852
-304,431
-140,554
-352,275
68,884
522,852
-399,584
575,462
485,81
564,-84
600,785
596,132
-167,896
-375,838
-304,612
-396,785
591,368
-338,554
-264,822
-140,852
-364,337
584,215
564,742
418,431
99,-64
100,215
-375,-84
367,640
284,900
162,431
599,900
-140,896
284,106
599,35
-24,612
-396,14
564,785
131,337
-400,245
-24,35
-264,306
-400,884
-338,822
-285,57
-352,187
-384,-22
591,838
-338,275
-338,804
-242,822
464,742
6,400
575,81
-391,667
-322,81
-338,584
552,-4
591,306
-140,-99
-396,742
-304,838
-338,899
522,838
464,554
-364,804
564,-52
-396,431
599,640
312,14
-242,337
-399,891
522,-91
575,14
-338,640
-218,-75
564,-38
564,215
340,-38
-352,864
599,187
68,875
485,-38
-24,-91
552,524
284,899
-352,822
-396,215
575,337
254,875
418,187
254,864
596,864
599,275
-338,764
-384,159
-112,764
393,-38
464,187
-375,35
284,-38
-338,493
-399,57
-352,764
504,400
600,132
-375,822
-384,667
254,785
-364,804
254,891
538,-96
224,159
312,718
-84,431
442,693
-167,891
-375,493
-140,337
312,400
-218,742
-399,81
-193,493
-242,106
224,838
-375,368
6,35
-218,159
-193,852
-24,106
599,884
162,57
68,612
6,524
418,14
-112,-75
-112,864
-391,-99
-322,838
-242,804
-264,524
596,838
575,-64
-167,-4
-400,-91
538,838
596,14
393,462
-84,-64
-140,306
591,35
-242,-52
-352,764
393,368
-112,640
6,554
600,493
193,493
6,640
-112,35
596,-75
-285,584
575,640
-352,875
-285,896
-338,-52
-84,35
596,896
464,431
-399,875
-399,400
100,57
340,-84
522,-4
37,864
367,431
131,493
504,667
-54,57
312,431
564,400
-399,554
-322,81
224,804
442,742
-285,852
-391,159
599,106
-399,524
552,-52
312,785
599,-52
68,891
418,-100
-285,-99
564,493
68,891
340,132
575,245
-264,81
284,524
131,764
464,106
-112,852
522,693
575,-84
485,215
442,215
224,159
131,306
485,891
-84,106
-364,106
442,493
-167,804
-24,-52
-24,400
-285,742
-384,-100
224,896
-112,275
-140,159
-140,852
-384,-64
584,838
-352,215
552,-91
37,14
-364,785
340,896
224,106
284,493
-84,-52
6,899
284,275
-24,493
131,612
485,-84
-84,-64
-140,493
-54,35
552,-64
-352,431
6,-84
504,81
504,693
418,891
-399,462
-285,-99
504,718
-304,35
393,584
37,245
418,524
162,822
367,159
-322,-91
-384,-64
-218,431
591,35
442,-91
-384,-91
552,640
-54,106
418,-99
-140,875
584,368
504,804
599,187
442,306
-364,-100
538,693
68,838
-84,838
600,838
-384,245
596,891
599,35
418,400
-24,275
599,368
224,215
312,431
367,57
-84,35
-84,306
464,462
-375,899
-264,-99
504,106
-112,106
-140,-64
584,693
-193,431
131,337
-396,864
37,891
-304,718
131,667
312,891
-364,785
37,742
-396,431
254,693
6,764
600,-91
99,245
37,57
522,57
538,431
596,899
538,875
464,899
162,-100
-54,838
591,81
-285,306
-352,-22
-218,245
599,612
442,35
-338,899
591,742
-399,-64
340,431
599,-100
538,554
193,81
37,462
367,275
485,554
-375,667
162,875
538,838
-285,896
-396,81
224,306
-322,838
-375,215
6,-91
131,337
367,14
-396,132
-304,896
131,159
-24,368
-242,-96
393,584
-84,-4
504,-91
-384,764
-322,896
68,891
193,838
284,822
-112,-38
591,306
-242,-4
367,822
584,891
254,275
442,337
-264,215
552,159
340,612
312,-99
522,81
-264,462
312,81
-112,742
464,899
584,718
600,764
193,106
584,718
312,35
442,-22
-322,14
37,493
575,-75
-193,-52
-384,822
-24,640
-167,612
464,884
-218,693
6,57
552,693
-242,-4
254,187
224,-75
-193,337
-391,400
-24,275
-384,-75
-338,838
162,612
418,-64
340,275
-54,337
367,896
-24,306
599,718
-285,215
575,764
538,838
584,693
-193,275
99,-91
584,-100
162,275
6,838
162,400
-322,-52
-304,81
-242,899
-218,-96
340,275
-285,106
-264,81
575,-75
193,667
340,-38
-140,852
312,57
340,431
224,35
575,275
575,431
-24,337
538,718
596,132
591,431
-391,368
-140,875
464,275
464,159
599,-4
-399,35
37,524
552,159
599,-4
538,852
564,742
-112,-22
-285,187
-396,875
131,-64
-396,884
552,106
-54,764
591,785
-193,718
-112,-4
-140,884
100,462
340,-52
-285,81
485,896
131,337
193,-100
584,57
504,764
-84,838
-193,718
442,864
393,306
600,306
-399,462
162,337
485,14
37,431
538,612
442,-22
393,693
552,785
340,804
552,-84
312,875
-140,14
504,368
284,14
-193,400
-264,493
-352,584
312,337
224,493
485,-64
-338,-64
367,693
522,57
418,891
-396,900
284,-22
596,-4
538,-75
224,-84
-285,306
-140,-22
-84,612
464,245
442,159
37,-99
6,-52
131,-38
575,884
-384,891
564,-22
-304,-38
-193,-84
-54,891
-54,159
-375,368
68,159
-399,667
-140,14
442,245
464,275
-84,187
-384,431
-338,864
-364,875
-304,35
575,-84
162,-22
-140,554
254,275
393,35
-264,-4
600,215
68,493
-399,742
162,785
6,667
131,215
522,368
522,106
522,-22
284,742
6,-64
522,-75
584,891
504,875
254,524
393,159
-54,693
-264,852
-364,900
-167,187
100,899
-242,764
131,106
584,-91
162,-38
-193,864
224,368
-54,106
485,275
162,667
418,431
99,864
522,764
312,-4
193,693
68,275
312,-84
312,764
367,462
538,187
-391,337
442,584
599,81
-364,718
442,-64
-400,-4
-193,-52
393,-4
596,245
-140,132
-167,215
393,-64
442,-52
-322,554
-304,875
485,368
37,-22
-140,493
-384,-4
442,132
193,554
393,14
393,-75
596,-4
-391,14
596,891
485,-99
-400,187
-54,57
-112,106
-140,693
591,524
564,584
-242,493
-24,693
-140,764
564,838
99,215
-285,-91
552,899
599,524
254,884
-54,667
418,14
6,-84
-112,875
284,-4
-193,431
-264,693
-285,400
564,-22
-285,891
-338,875
224,742
131,822
-242,159
-399,864
224,187
162,884
575,275
-285,838
224,-99
-400,57
-140,14
-140,-75
596,524
-364,-91
393,-99
340,785
224,-22
-84,718
596,368
-218,742
284,187
464,896
-264,187
575,693
-218,187
-264,-91
-54,764
367,785
504,-64
6,718
193,742
131,785
284,431
485,-100
-140,-75
-396,431
552,864
442,462
100,400
-54,14
-400,35
193,640
224,35
-285,764
193,864
254,-99
-84,-64
442,896
596,431
-140,718
367,864
591,742
193,35
-338,-4
-140,-91
575,337
162,493
-218,864
599,400
37,-22
-399,718
312,524
504,306
-84,462
162,-38
254,584
552,337
584,-99
600,106
-242,431
-218,-96
254,822
599,159
-352,584
254,-100
552,-4
312,-38
254,431
-384,400
68,132
599,462
-322,81
-264,864
552,-52
575,667
-391,554
485,584
600,884
591,-91
-396,106
367,106
-24,891
564,132
-399,-96
591,896
254,667
99,554
442,35
-264,400
538,-91
162,875
442,875
464,245
224,57
-84,-22
-167,493
367,368
254,838
-218,81
-167,159
538,245
-285,554
393,493
418,106
552,899
99,106
-54,306
538,-91
-375,275
-396,-99
418,718
131,-38
-364,584
464,132
-84,612
552,-96
-264,14
-352,554
-338,132
-375,822
312,493
312,891
552,159
340,838
367,838
-112,884
131,852
-167,81
584,-22
-112,612
-400,-4
162,584
-364,-100
552,838
564,132
564,493
596,584
552,275
575,106
254,584
464,899
-167,896
418,-64
162,14
-112,35
367,822
193,-96
312,718
-375,14
367,275
-364,-84
193,57
-322,-99
-384,875
-352,81
340,-75
6,875
552,-4
312,337
-364,-84
-384,896
-391,838
131,245
-375,742
68,875
-384,612
464,612
6,-91
464,822
504,-64
538,612
-285,400
-384,-64
-352,106
-352,431
464,132
564,-38
-285,337
-54,804
591,159
-352,524
-84,400
-396,187
-391,-22
600,838
340,822
464,-84
564,742
591,554
-84,-64
193,-99
552,-91
-242,187
-375,524
-285,884
-167,584
-140,-99
393,159
522,785
485,640
-167,804
-338,612
162,106
-400,81
224,838
-364,-52
-352,-99
418,852
485,640
418,875
522,718
-375,14
-375,-91
-218,896
584,35
-54,884
464,884
68,400
-242,57
-84,899
-140,-84
442,-38
340,742
596,-22
-400,306
193,-91
575,524
552,306
418,106
-112,245
-264,584
367,891
504,822
-24,132
-167,718
596,524
-322,493
-140,764
596,245
6,106
340,-38
-304,-38
564,106
418,493
-364,899
-384,-4
-396,275
162,875
-399,400
-352,640
193,742
584,275
-140,275
538,132
-364,785
37,-91
504,584
-338,822
-322,896
-352,524
418,899
-167,891
312,275
-375,-96
-24,-52
224,804
575,306
284,554
-352,187
6,35
-242,431
-264,14
131,306
575,864
-304,-96
367,337
-375,-99
37,337
-285,187
162,337
522,900
584,-4
564,368
-338,245
-140,554
224,431
312,159
-193,187
-304,462
-140,-99
485,718
600,306
-375,-91
162,245
522,431
-352,-99
418,742
284,875
-112,-52
-140,-100
284,899
100,337
-375,368
254,275
-396,640
538,-38
464,640
68,896
162,667
393,838
254,584
538,306
6,159
-396,612
68,804
-84,-99
-384,742
-112,462
254,804
-364,-96
312,667
-218,462
-54,337
485,884
68,-84
-167,-52
340,852
-112,431
340,891
-338,159
393,-4
-264,764
-304,785
6,132
564,215
6,852
-264,-4
162,-4
522,896
-400,884
-242,245
-304,106
418,785
591,431
131,493
-399,-99
-375,884
522,693
464,159
-375,667
-54,-96
-285,-96
-322,337
-338,400
-391,899
599,742
-338,524
-384,187
312,215
-84,132
-112,822
-218,-96
284,493
-352,-22
-391,14
596,-75
-218,-96
584,493
68,864
-140,215
504,187
584,-22
340,-84
224,337
393,81
-264,132
367,35
-375,838
37,-91
-264,742
367,524
6,718
564,431
-375,-64
-242,640
-384,785
485,-38
6,-91
193,-38
504,640
-167,896
312,785
-384,584
552,368
-242,-22
-375,896
599,742
-399,896
-54,462
224,337
224,742
552,891
564,667
564,742
522,187
584,-100
-338,81
-140,852
-193,368
-338,245
6,-99
-364,368
37,-4
596,896
584,-38
-218,804
485,132
254,554
284,-100
-304,891
-264,462
584,337
584,215
37,-96
-84,337
367,899
-24,718
-285,-22
37,742
-24,187
-364,-84
552,215
131,524
37,785
-375,106
-112,-91
-364,106
-375,462
575,245
-242,493
-264,245
-140,-52
-84,35
464,667
-391,57
131,838
-218,-64
599,35
-264,14
-285,718
-242,864
393,106
-391,-84
312,667
284,-96
224,875
485,275
464,864
-375,852
-396,275
68,899
591,215
-399,838
193,838
596,57
-338,-96
-264,306
504,35
162,-52
-364,-75
442,306
584,57
-112,612
-242,132
-112,81
367,493
-304,764
522,462
-384,159
37,896
575,896
193,-100
284,-38
599,14
68,368
393,400
-399,524
-322,-96
193,-4
131,-22
591,554
284,368
485,187
442,718
162,-84
584,462
-264,785
-400,884
522,-64
100,-64
504,-84
-84,14
564,852
-338,-22
-375,891
522,785
552,400
-167,159
37,-4
224,-22
312,822
552,742
504,14
552,431
538,187
522,524
522,14
-384,852
599,106
-338,524
596,187
-285,400
-338,875
-264,-4
596,864
37,368
162,431
504,132
68,-84
37,431
37,584
-140,-64
-84,764
599,822
-193,852
193,900
-391,-91
254,640
-400,159
538,81
6,368
-375,187
-322,822
100,106
418,-38
418,306
-167,875
-396,640
599,462
596,584
-396,554
-193,275
131,554
99,245
-167,275
393,306
312,899
-285,838
-84,337
584,57
-322,431
100,245
224,875
596,524
-375,884
418,81
418,132
367,493
193,764
575,822
600,400
584,693
6,667
591,368
254,-22
418,187
-193,884
-112,462
131,57
100,306
-364,-4
-338,718
-24,891
-193,764
-218,891
-396,-91
485,159
-352,215
254,306
-338,431
596,106
131,215
-218,35
-396,493
6,493
522,187
-84,667
599,899
464,718
-112,864
-54,431
6,-96
464,106
312,81
564,337
-391,368
-285,462
-384,-4
-193,-38
367,693
-242,81
340,-22
-193,106
131,764
-140,785
367,667
-384,-75
485,667
-218,-96
340,838
68,640
68,584
-352,-91
393,899
162,-4
552,337
418,81
-338,159
340,612
-112,106
-352,215
224,-75
224,884
-396,884
522,-75
-399,14
6,875
-399,896
-242,584
-399,337
254,785
-322,493
464,899
254,584
-364,275
-54,462
-167,884
193,899
393,-64
-112,400
-242,718
-396,896
37,-99
552,81
504,584
-396,106
464,785
-399,899
442,35
-399,57
575,-99
340,-22
418,-75
485,-96
575,896
-338,822
-352,-4
596,900
-352,-38
-375,822
393,337
100,524
596,896
68,899
-396,-91
418,-64
442,785
-193,337
552,852
-400,524
312,-4
599,57
-218,-96
-396,159
-54,-38
-167,159
68,-4
131,584
564,896
99,306
575,524
254,718
-375,584
522,57
464,900
584,742
37,-84
522,612
284,35
312,-22
-24,81
-399,884
-352,864
600,-22
-285,35
596,891
-24,-52
162,667
224,187
-304,462
-218,524
37,584
99,764
-322,524
193,896
-399,742
162,785
575,368
-391,215
-167,-75
-54,-64
367,-75
591,852
-338,822
591,462
100,742
-375,159
-304,306
-338,-84
575,-84
-193,640
-242,-99
-391,584
-391,524
131,900
-304,-99
37,337
442,400
68,900
596,-52
-399,612
37,584
-338,875
312,493
131,14
-264,14
442,524
-24,-64
-242,245
584,215
596,132
-338,106
-24,864
575,35
254,-96
442,896
-140,640
-399,-99
193,-64
552,718
-193,-22
552,554
254,-91
-112,-99
464,640
68,187
-399,884
-264,337
-264,-84
254,106
-322,838
596,864
-352,864
-399,35
-193,-91
-218,875
538,106
254,-4
312,159
599,57
254,106
-264,-38
131,584
-304,584
-242,-52
538,-96
-375,875
6,35
-400,891
418,57
-193,-75
393,400
-54,693
162,875
99,14
-396,400
-112,106
-399,612
68,-84
131,132
100,822
-24,462
6,-64
464,718
-364,-52
162,-84
-352,-38
-384,718
504,900
340,785
-242,493
367,35
-218,822
-375,554
-352,-99
-322,822
-375,822
418,57
-364,159
591,337
442,742
584,554
-54,14
-391,-64
393,368
538,864
-140,-64
-304,106
552,875
596,275
-54,245
-384,132
-193,864
599,81
-140,852
224,667
-400,612
367,718
418,524
599,-75
-242,368
-24,718
162,-22
-399,132
584,-91
538,875
-304,493
-352,-64
584,-38
-24,-75
312,337
-84,891
37,524
-24,804
-384,896
522,106
37,524
552,159
100,852
418,368
504,275
68,215
485,159
600,640
254,-91
-364,306
-384,-4
596,-96
-264,-75
538,804
-304,667
-322,-22
68,-64
100,306
193,-84
-396,584
284,884
418,875
-218,245
367,400
-84,640
584,14
-391,864
367,106
340,306
564,742
464,785
522,493
193,838
6,493
-167,81
575,693
522,493
564,35
100,822
-338,524
367,275
-396,-100
99,431
393,-52
584,14
552,612
-304,-64
-112,-84
-338,804
584,-52
193,215
-304,-22
-364,584
312,875
596,891
596,900
393,400
-112,57
596,-64
-304,-91
-338,306
224,368
485,431
-304,493
-364,852
-24,35
-84,14
-364,838
393,493
393,368
162,245
-193,81
522,187
367,804
-338,822
575,306
-375,-52
552,899
-193,584
-384,81
-193,368
-391,612
-384,693
-285,899
-364,81
464,-99
552,884
-167,-4
596,306
-375,337
485,764
131,187
312,742
-193,-38
37,215
-364,584
538,-38
-218,742
-322,81
312,-100
-338,804
442,-52
418,57
418,-75
-285,884
-285,-96
522,-4
538,106
564,899
-242,106
599,-38
-364,742
564,899
575,462
-167,524
584,35
-322,-84
312,-22
418,81
-322,785
599,900
367,718
-391,400
-400,35
-322,159
340,-38
6,554
538,493
393,-100
464,864
224,57
-264,-100
312,764
131,-91
584,368
-218,215
575,187
-193,400
-218,718
-193,462
-24,-38
596,431
193,306
131,718
-399,584
-285,-4
-193,57
442,462
193,14
-264,804
367,-96
-24,693
504,852
193,524
254,306
6,400
-218,462
485,14
-218,431
-384,524
-384,-99
-352,57
340,852
-193,899
442,35
464,764
162,896
-375,891
254,14
284,764
600,-75
-218,215
284,-38
538,462
-304,132
522,899
-400,-84
575,106
-338,-22
162,462
591,431
538,891
522,742
-338,693
68,306
-364,822
600,493
-140,57
-396,-38
552,718
68,-75
-399,693
-322,718
464,275
-338,245
254,-84
538,245
-304,106
591,-64
599,899
-375,132
6,-4
584,35
-54,35
464,804
538,742
100,640
564,159
-218,337
-400,852
-24,-96
-400,891
599,884
6,667
193,875
-400,106
393,584
-112,742
-384,35
37,81
312,-75
591,337
-352,14
-112,132
599,275
-304,785
-218,493
-396,-64
-218,187
564,245
552,822
599,462
131,884
-167,35
575,884
-264,132
193,875
340,-38
-322,493
254,-52
-193,875
312,822
393,640
-54,-38
418,-100
-322,81
-352,554
-264,822
6,35
254,742
485,462
-54,891
584,896
-112,785
485,275
-391,764
599,57
-285,742
-167,884
224,215
564,159
-167,35
-264,-52
99,-4
-112,-84
340,-4
68,785
538,-84
599,524
-193,884
504,822
224,718
-364,368
-24,554
131,-75
-391,337
-84,-22
596,838
-322,742
-285,884
-264,875
-384,-84
-384,14
600,864
504,-38
-400,785
596,159
6,884
591,764
254,875
100,-4
-264,838
-54,462
-218,-100
485,-52
575,-99
464,693
340,431
-338,584
-384,875
367,-4
-352,159
522,899
538,57
-304,524
418,245
-352,742
522,35
418,838
37,875
-54,718
-322,804
-24,431
284,35
193,-22
224,-100
591,612
-264,884
131,884
-218,524
-364,-52
162,-75
464,891
599,864
-285,764
-24,275
504,81
224,693
-322,612
340,368
418,640
-84,896
393,-75
552,245
-24,493
312,864
-364,864
131,764
442,764
564,275
68,215
193,462
-54,667
-140,896
162,132
-167,215
-285,275
254,785
-396,891
552,-99
-391,306
-285,875
575,337
-399,896
68,884
-112,764
575,-4
-285,875
596,822
485,400
131,215
-396,852
-285,899
-193,337
-24,640
224,640
599,667
-338,431
-399,462
-84,612
485,640
-218,337
-167,852
-242,899
442,785
-399,742
599,884
-375,35
68,-99
485,891
-375,667
193,612
99,764
-112,896
600,-52
464,838
-167,640
584,35
-384,667
564,-100
564,-64
-399,400
68,524
6,-4
584,-52
-400,896
-304,896
552,431
131,891
538,584
584,215
464,-64
-264,81
596,368
584,524
464,462
-364,875
162,493
584,187
-24,400
254,899
-396,693
464,368
599,245
552,106
538,159
522,-4
340,275
-400,875
284,-99
575,159
522,838
-242,132
-352,400
442,-91
224,-64
-24,57
-167,-96
575,215
-54,900
-391,306
-322,612
-304,-22
485,275
6,-99
-193,852
-338,81
-112,57
-396,718
68,-99
68,-64
591,-91
564,431
284,718
-384,81
367,864
-304,554
-322,896
-242,-22
-24,875
-84,742
-285,852
99,891
504,-75
575,804
584,640
591,899
-112,400
-218,368
-352,462
-352,-52
340,187
584,215
312,159
-338,35
162,884
-24,400
-364,306
-193,245
340,245
-24,612
-396,884
538,-4
99,215
37,275
-54,337
-375,554
-84,400
599,667
284,306
504,896
-285,306
-396,81
575,-84
393,-91
-400,-38
-24,667
600,275
418,718
564,875
418,875
-304,57
442,275
-84,106
-218,864
-391,554
-384,35
-338,864
-24,896
-304,306
504,-84
131,864
-112,864
596,693
575,337
-375,106
254,215
131,804
37,245
584,891
552,612
6,-96
600,764
-285,187
418,667
-364,132
340,81
193,462
575,337
-264,-91
-112,493
522,215
367,-64
-218,524
-193,159
-304,159
596,718
-112,640
-140,159
393,667
-264,896
418,245
-400,14
340,718
584,852
-264,852
-396,896
68,852
193,822
-399,896
-304,431
-391,306
-384,-22
-322,764
596,35
600,852
596,431
564,-52
418,-84
-364,14
6,-64
-384,-75
418,431
504,899
584,35
-54,275
162,838
-399,35
-396,368
-167,-22
-364,584
522,884
-399,132
99,804
-338,742
584,742
485,742
6,524
-322,896
596,612
-338,899
418,852
254,838
-218,667
464,852
-304,-99
340,-38
599,-99
442,81
-112,431
522,187
485,-99
-322,838
37,-84
193,215
-375,275
-193,306
312,-91
-84,612
464,896
485,884
538,35
-322,215
-400,524
-322,462
442,337
312,306
284,187
-396,-38
-193,718
464,524
564,368
418,838
485,640
442,896
-218,368
193,-75
-167,-91
-140,-52
-193,-38
99,-100
596,-91
-24,-22
224,187
442,-52
-352,400
99,400
-112,554
-338,554
-396,667
575,-99
-264,81
367,804
-285,132
552,-96
596,693
-24,275
596,187
-322,-64
37,838
-352,275
131,57
193,14
-193,-91
100,-75
99,-91
-242,57
485,462
6,-64
367,-52
68,838
393,785
442,215
-193,57
538,-38
-24,693
-112,35
-112,215
-84,245
-400,884
-384,215
312,306
464,-84
193,524
224,215
591,612
-167,-75
254,245
-322,132
-242,368
-304,554
6,667
591,337
-112,875
-242,35
-399,132
100,57
464,612
-384,-96
-167,822
-391,57
522,57
-167,14
99,554
584,14
6,896
-322,612
-218,245
-242,368
-140,368
-364,106
575,431
464,14
312,337
-140,106
162,306
538,-84
504,667
-264,-38
464,838
418,132
-384,-52
564,400
464,215
-375,-4
-396,896
68,-38
-304,554
-304,275
254,81
284,-99
100,785
552,-75
596,-4
254,462
393,400
-112,337
442,-75
-218,462
6,554
522,-100
-399,14
442,718
-24,900
393,612
254,275
-400,159
224,337
162,764
442,106
-400,896
575,718
312,667
-193,640
-322,-75
-285,159
-364,891
-218,891
584,852
564,891
37,215
-384,838
393,838
504,187
-364,35
584,822
-218,215
-399,-91
131,612
591,896
-242,-4
224,822
564,57
538,640
538,554
485,884
552,554
162,742
485,-96
-54,804
254,368
591,306
-384,132
284,804
367,81
-242,612
6,368
-193,524
564,462
584,612
596,106
591,-96
418,524
-352,896
522,-22
393,57
-218,-99
442,554
-396,-99
367,785
596,81
-167,896
485,896
-285,81
-399,215
-364,-84
-193,896
-242,106
-391,187
131,337
367,-99
575,81
-391,742
131,306
-304,-96
-364,-4
162,-4
599,-38
162,245
-54,785
312,693
-338,891
599,215
224,159
564,35
-338,431
284,900
-338,132
-112,431
-167,-75
418,-64
99,431
-54,-52
591,57
-364,-75
485,35
-167,899
522,337
-285,-52
131,306
-218,891
-242,57
-264,554
-193,57
284,368
596,742
-24,81
284,306
599,693
-140,764
312,875
-24,106
-384,612
193,838
-84,804
-322,106
522,667
575,-75
68,-99
224,-38
575,612
393,14
600,693
-84,57
-375,742
596,891
-193,524
504,896
596,900
131,864
340,742
-399,245
254,-84
575,-75
367,838
131,852
596,785
312,667
6,838
522,891
464,81
-322,-38
504,-91
600,804
-400,785
418,-91
-396,159
68,-22
-112,57
596,667
254,899
393,431
367,245
162,864
-140,875
522,493
-352,306
-338,187
584,640
131,-91
-304,462
367,-100
254,493
-112,-38
591,-99
-84,554
-264,822
584,35
-140,400
-112,-38
-396,431
393,742
591,852
-322,-96
591,400
575,884
-242,-52
-218,306
-193,554
-264,804
367,81
254,-84
162,852
-264,-22
99,838
522,-84
-167,-4
-242,667
68,742
340,-38
504,884
340,764
393,804
-285,554
-218,-75
-304,640
442,899
-167,-22
37,667
-140,368
-352,852
538,899
284,896
-24,275
584,612
-400,215
162,-4
522,524
584,-22
600,493
-84,640
-391,-100
552,431
564,-4
-384,-84
-396,900
-84,187
162,368
596,187
-218,106
-242,764
-84,462
-167,584
-364,306
504,306
-24,159
-352,584
596,400
504,493
-167,-64
442,275
-364,306
584,-52
193,584
68,81
-396,159
-140,852
284,57
-264,524
6,275
504,-75
284,785
224,884
552,159
552,785
485,804
367,875
-24,-91
68,554
-304,-84
-338,159
-218,431
522,524
-242,306
284,368
564,-52
-322,864
522,-38
552,584
-167,-38
37,159
312,159
599,891
-396,612
-304,554
193,-4
591,106
-384,-99
-322,-64
-264,431
-352,-100
-322,132
-24,804
284,612
162,764
131,106
-264,14
-193,-52
485,-96
100,742
-285,106
-285,245
162,57
442,81
-352,822
522,306
284,640
-140,106
575,14
552,431
-193,896
-396,896
224,81
254,891
-167,693
254,875
284,804
100,57
162,785
-285,875
-304,884
-54,764
575,215
464,-4
193,35
442,-84
599,306
-112,337
393,187
-84,785
-338,785
224,804
68,-52
-24,493
-264,640
-285,524
-399,899
367,838
-352,-22
6,462
-352,-84
418,-91
575,804
522,822
37,-4
-84,493
367,57
-338,106
37,864
504,-22
68,368
68,900
254,368
600,462
-375,-100
-384,693
284,35
367,900
-384,-91
-112,785
-218,106
599,57
-338,-4
-375,-91
367,896
-396,-96
538,822
-396,187
596,884
68,584
464,159
-396,864
464,-100
254,306
312,-75
-54,667
591,368
584,852
-167,368
-193,-96
-285,667
312,-99
-242,275
-352,584
-352,896
418,640
485,245
-24,838
312,187
-285,106
-285,864
564,14
-304,-91
-193,493
442,400
131,718
-352,431
-54,431
-54,524
596,891
-399,-4
284,57
-140,-4
162,640
37,-99
552,187
224,245
-193,132
393,400
131,718
193,106
-285,275
591,14
538,822
442,875
224,896
552,667
-384,306
564,400
224,81
-384,891
131,554
-322,524
193,667
-167,764
100,-75
-384,612
-352,875
131,-99
193,612
-112,-64
-375,81
193,822
552,-100
-322,275
312,822
-391,896
-375,852
193,-64
-322,875
-112,-4
-167,159
-242,-4
564,852
-364,838
485,891
-84,640
-396,584
312,838
-218,81
-285,275
-400,864
-399,764
224,187
599,852
-396,875
599,640
-24,337
-193,-84
-112,-75
131,-38
6,667
464,106
-400,106
-352,35
-399,718
-193,-38
-242,14
-338,275
99,57
-352,106
312,-38
68,368
-54,159
-193,822
6,159
-242,132
68,524
-364,718
68,764
-322,554
564,14
393,57
193,584
-193,612
131,275
-112,742
-140,275
-304,764
-140,900
-322,35
162,400
-112,493
-364,785
442,742
600,493
6,400
-140,822
-352,275
6,-84
442,584
284,864
-396,875
464,-99
-396,245
-285,896
464,742
596,337
6,35
393,-75
-384,493
-24,462
564,-84
-304,524
224,584
284,106
575,275
340,864
-24,693
367,804
485,-96
-193,-64
596,306
-140,884
224,35
538,584
596,-38
-399,132
254,-100
596,640
312,612
564,804
442,493
-112,400
-352,57
340,431
-364,693
-322,852
-352,718
254,742
-399,822
99,804
68,431
-396,838
-264,-52
538,81
-375,275
-338,-100
6,-99
-304,-4
367,-4
312,804
193,81
367,-52
162,-99
-384,400
-84,159
-304,245
-112,81
485,306
504,896
340,584
-140,899
575,132
-264,804
-364,368
-242,-91
131,275
-167,245
522,764
-375,245
-304,35
99,-99
367,431
367,822
564,106
-218,896
485,-91
599,462
600,640
504,718
-285,554
-24,864
-304,106
575,640
-167,764
552,106
-396,785
591,-4
-167,-52
564,368
-54,612
37,-91
584,891
6,718
68,400
599,215
-167,462
-391,57
68,693
-193,785
-218,899
-54,-52
-391,106
-384,106
-304,852
-285,132
464,-91
68,-75
-140,896
100,-100
-242,612
-391,584
591,875
485,-91
393,-100
284,693
-338,-75
564,368
-285,-22
312,431
312,14
-399,822
-375,-91
393,864
193,-4
596,35
-364,-4
522,275
-193,864
-264,275
584,852
575,864
162,493
6,554
193,-38
-264,245
284,215
522,187
522,245
37,275
596,-91
564,554
367,57
367,81
-375,337
100,14
552,896
464,57
464,-99
552,368
-364,306
340,-4
-304,275
575,693
37,667
-322,-91
464,718
-384,864
-218,852
254,275
162,584
-242,-84
-167,-75
-54,896
-84,-4
-396,-22
-285,275
162,431
504,718
-193,640
-167,718
393,-91
224,431
6,612
-384,-38
-24,106
-24,14
-285,884
-242,612
464,245
-391,159
-399,-91
-304,159
68,81
-391,35
599,215
-167,462
538,-38
584,884
596,132
100,275
504,-38
418,-91
522,368
538,884
504,891
584,612
485,-64
-112,337
600,337
-400,368
68,215
99,-91
596,368
584,852
584,337
99,-4
-84,838
-322,-91
464,875
284,-52
393,554
367,640
538,35
-396,864
68,57
284,-22
-396,804
193,81
564,-64
-391,899
100,891
599,337
-84,245
-112,742
100,-75
504,838
-218,35
522,900
522,822
-352,667
-400,35
162,400
442,337
6,-96
504,-64
340,896
254,187
224,-91
-84,-99
-242,245
6,368
131,852
-400,132
504,-96
100,524
-167,-4
-84,462
-264,764
68,891
-304,-38
131,35
464,-64
-54,852
224,718
284,640
37,35
-400,852
-352,875
584,822
367,35
-264,822
418,81
485,275
591,245
-167,884
-304,215
-364,-96
254,764
-338,493
-375,896
599,891
564,838
522,81
-375,462
367,57
393,57
-364,-4
37,667
393,-38
591,899
284,838
131,-84
522,-75
552,-22
-391,718
-391,884
193,822
68,742
-140,-38
193,400
-396,896
6,-99
-338,-38
312,-96
-375,-75
538,106
224,-52
-384,14
538,838
-218,275
-140,-84
-167,693
538,187
224,-75
584,896
254,14
-285,106
-396,159
564,852
-338,159
-140,132
-218,368
-24,584
-54,368
-242,106
162,106
-112,742
340,693
340,640
-304,838
564,-91
-399,764
37,-22
418,431
-218,822
596,187
464,891
131,215
522,838
-167,554
596,838
591,-75
312,462
-396,891
-54,838
584,-100
-285,-96
-399,524
193,875
224,306
100,584
464,667
37,-52
-242,554
-24,337
-167,891
522,159
-242,-4
-218,-75
-54,187
284,640
522,245
-364,337
-140,368
575,554
99,368
340,306
-304,-64
-218,400
367,742
340,554
575,785
-399,891
224,852
37,337
584,864
284,554
-384,-84
254,106
552,891
-140,-4
-264,875
418,742
-167,-84
564,106
-375,838
442,838
522,891
600,667
-375,554
584,-52
-375,612
485,693
564,215
591,899
-352,431
68,804
-24,-96
162,-91
-322,368
599,875
-322,667
-140,640
254,-75
552,838
600,132
-167,368
575,-96
552,612
131,785
-364,864
131,306
564,891
418,-99
162,132
37,764
-242,400
599,891
-400,81
393,838
284,-91
600,693
-399,-96
596,804
-396,14
538,-100
340,400
393,899
584,896
254,584
-399,81
37,35
564,245
-396,852
6,896
-84,891
-242,81
-322,493
418,462
-396,852
-304,-84
-396,891
68,462
522,275
442,462
-24,-22
-322,875
-375,-75
-84,896
-352,187
591,431
-285,159
575,215
584,742
-384,14
224,584
504,764
538,245
522,-91
-112,400
284,35
312,884
552,462
-24,-96
-264,187
224,718
-322,-4
-399,640
131,368
-396,718
393,493
-242,275
442,718
312,245
-322,57
254,838
367,742
367,275
254,-38
564,838
564,35
-375,-100
162,785
564,-38
312,804
-218,693
599,132
584,764
485,852
599,-75
575,875
367,785
-24,493
584,852
538,462
584,891
37,764
-193,493
-399,368
591,-96
-264,-4
-375,81
464,764
418,785
-112,742
538,864
-84,215
418,159
6,159
-304,245
-352,742
-84,838
254,35
-384,-100
37,-96
596,-91
-167,875
284,337
284,-96
367,431
-384,-91
-193,667
504,-84
224,-99
596,306
340,368
-140,-38
-242,306
-140,106
-24,896
-352,554
254,852
-338,275
599,81
-364,-75
552,-96
37,-22
564,81
552,838
-338,431
193,35
-400,187
552,132
224,822
-54,-100
100,159
-167,612
131,584
-264,891
418,-84
162,462
-140,584
-364,-22
37,742
-364,896
584,718
-352,245
367,891
418,-64
367,431
-218,215
100,-52
-391,-75
284,640
591,57
596,-96
-364,584
-391,-38
37,742
-304,159
-338,612
254,159
68,640
596,-22
312,612
-24,667
504,-4
-391,667
464,-100
464,245
564,462
-396,275
-364,742
131,524
162,875
193,-99
504,693
-84,554
-352,-38
538,822
-140,14
340,-4
464,-99
418,554
284,275
-391,57
442,-64
552,-4
284,524
464,864
-352,822
131,584
591,-4
564,822
162,493
591,785
-399,245
538,-38
-375,159
99,584
-264,306
284,-84
254,493
-218,159
37,106
284,-52
254,81
584,368
464,275
193,-75
-112,462
37,612
-322,584
-242,875
-396,875
-400,-64
6,554
68,368
-391,785
-375,667
-167,35
-264,306
6,132
367,554
284,368
224,81
-193,718
-264,899
-242,368
367,35
-338,899
-54,-64
6,884
-396,106
6,-64
442,35
-54,159
-285,275
-352,-99
538,337
-364,400
564,612
-264,306
340,822
-167,785
575,524
193,554
-167,106
-338,400
464,-84
37,-96
591,822
-54,884
-218,337
504,368
37,431
-304,-38
-242,462
-396,275
-396,640
340,804
284,864
-167,524
464,-4
-264,-99
-338,462
-242,640
254,-64
-84,81
599,368
522,-75
-140,900
599,14
-24,337
575,900
-391,852
564,132
-167,106
564,245
37,838
68,-75
162,14
-400,718
-391,742
-193,875
-193,275
-384,852
-322,612
-140,-52
37,-100
-352,640
-193,431
-112,838
591,215
-264,891
131,896
393,-84
224,132
-304,822
591,-100
-375,884
-112,640
599,640
-338,106
-304,891
-167,245
193,524
-391,891
68,764
-285,462
-218,-4
254,462
100,822
254,524
538,612
254,891
552,875
418,-38
-140,822
-264,14
312,584
584,337
-140,667
224,896
584,693
-391,-4
-375,838
-399,215
-322,899
-54,368
284,245
-322,81
312,693
522,132
-193,584
193,612
-24,804
162,-64
418,822
68,764
193,-75
575,462
-399,899
564,245
599,822
552,640
538,159
-112,462
522,764
-396,899
600,57
485,14
-304,640
584,838
224,-91
393,896
-54,-84
538,462
442,245
564,159
596,306
591,667
-322,-75
131,400
564,187
-193,462
100,-64
100,215
312,693
-54,106
340,368
-242,891
418,306
575,524
-193,584
596,-84
367,852
37,785
538,-38
-384,900
-218,667
131,899
442,306
-391,-99
485,640
-218,-99
485,-52
393,640
-285,852
538,899
564,14
596,584
-84,132
-112,-91
-54,785
418,-75
99,187
591,822
-391,400
162,14
393,764
99,-84
284,884
99,275
418,640
68,245
224,106
-167,718
596,891
224,-22
367,584
-384,-91
-384,306
599,187
-391,612
564,245
442,900
600,875
340,215
485,667
591,-75
-322,306
-400,132
-364,896
68,742
-193,-75
-167,106
340,14
575,742
538,462
224,-64
-54,718
162,35
-24,14
464,864
485,-84
-384,57
-384,584
-400,864
591,884
538,-91
-193,884
-364,891
584,612
-84,804
393,106
596,640
68,431
-54,822
584,900
-218,400
442,838
-399,-38
-264,-4
-218,132
-112,368
-375,-91
-264,900
254,785
-264,14
-264,337
-218,804
-322,584
-112,337
442,785
-140,891
-364,462
504,81
596,804
-54,-84
-364,-91
442,875
538,215
600,554
312,-91
100,81
442,742
224,875
-352,368
-24,106
-140,245
254,159
599,132
584,368
-285,-75
6,462
-400,-84
6,667
367,-64
224,864
-54,400
-375,337
-396,718
442,368
-352,106
-375,275
564,864
367,-38
367,742
162,864
-391,-91
-391,306
584,431
504,875
-352,132
393,81
522,864
538,337
-264,368
-338,368
-400,785
-112,584
584,35
-112,81
-167,667
-264,822
367,337
-264,81
591,875
-384,57
-285,132
254,864
131,215
284,-22
-285,640
162,764
-399,187
-364,-38
-322,106
312,554
-242,245
312,132
254,838
312,884
-304,493
224,132
-140,215
162,187
418,667
-112,864
599,493
-338,275
591,-75
-384,245
-322,896
-264,400
-24,584
-264,899
-352,764
193,838
564,693
-400,245
193,187
-218,524
-384,554
131,554
418,584
312,81
596,554
-338,493
-364,896
162,215
37,306
-396,245
442,187
-167,899
584,400
68,275
131,493
-193,822
564,899
-264,785
442,81
599,337
552,159
-218,431
393,742
-322,245
-242,187
-285,81
68,764
591,900
-399,-52
-285,693
-140,57
-242,838
575,462
-352,462
-338,35
418,-96
600,14
-140,57
591,-38
-285,896
-54,-91
564,400
504,693
340,35
131,245
131,742
162,337
522,764
-375,667
564,899
6,822
-322,899
-218,337
-218,462
68,718
464,368
564,-52
-391,400
-218,884
552,524
575,431
552,337
564,693
-242,667
193,187
-285,187
-54,785
224,14
464,584
-399,764
-193,693
312,14
584,-4
599,215
-352,462
-218,640
-396,-38
-364,-99
68,640
-242,159
-54,132
-384,306
-352,718
485,852
284,-96
-84,838
522,864
599,852
-304,132
312,-91
-193,215
-264,35
599,159
575,875
564,764
-364,864
-396,742
193,742
522,884
-384,-100
68,612
418,-75
591,884
-24,742
99,896
575,35
-391,584
254,667
552,900
162,584
-322,-52
254,-52
-399,57
68,899
-304,275
564,431
552,838
68,764
-84,245
-322,337
393,35
591,431
-193,275
418,891
-352,187
393,900
538,875
284,-4
224,368
-167,852
68,822
312,-38
-322,891
538,838
-375,718
-167,864
6,524
99,640
393,337
538,822
-338,667
-167,400
464,-75
538,693
193,493
-399,584
-352,368
-352,640
504,57
-264,245
393,-84
442,275
-242,554
-218,431
564,245
442,493
-193,612
-364,764
131,900
6,838
504,612
393,899
485,524
538,106
131,493
393,612
-396,-96
-396,667
-384,187
-285,764
504,718
-54,804
-167,462
131,612
584,462
599,462
564,159
-112,132
-375,-96
-364,-38
-54,640
-167,-75
37,-99
-304,462
-24,-52
-167,891
-112,-38
100,-22
-304,187
-304,368
-140,764
-375,838
-396,-64
-399,-52
100,81
-322,-91
-352,-96
100,462
193,-75
100,306
552,718
552,864
340,838
68,431
-352,-64
-322,742
575,-52
-167,306
599,693
-54,852
600,875
284,891
6,337
552,896
162,864
131,-52
538,612
-24,524
442,431
99,-99
-375,-75
-338,337
193,368
-54,-91
-375,667
-364,-4
-167,132
-264,-96
464,640
584,-84
-54,81
6,612
564,245
340,215
-193,554
-396,187
599,400
-338,493
312,159
312,159
-375,875
367,584
131,804
584,584
-399,-64
312,275
340,368
584,693
564,14
564,462
-54,400
-218,764
-285,891
312,245
485,35
564,864
-391,159
-285,838
284,-38
584,584
-193,306
-391,306
100,132
-167,900
-193,822
600,764
575,337
485,667
-322,-99
-84,785
367,693
504,900
340,57
584,524
254,35
552,462
-352,693
-84,785
522,693
522,899
162,35
596,159
-396,-52
-399,159
564,-4
254,493
312,493
552,524
-352,57
99,-96
-112,899
591,718
564,884
-264,640
-400,524
131,884
312,-52
-364,612
-24,275
-218,-22
-352,584
393,667
418,896
367,785
193,-64
193,-4
504,215
-264,742
-285,-64
418,431
284,187
-218,875
-352,764
284,764
-391,804
-375,35
-304,-4
340,306
-112,106
68,306
254,462
6,-100
100,-38
367,106
-193,852
-242,584
393,-4
284,742
596,431
-167,-38
131,667
538,187
-264,764
-24,-4
254,612
552,584
599,891
-218,785
600,864
-24,-52
464,215
464,524
-400,785
284,718
575,822
393,57
-285,764
-375,742
-167,159
464,900
-193,804
538,764
312,-75
464,493
564,640
68,884
599,-64
-112,852
131,822
-24,804
-364,718
-167,132
418,337
367,891
-112,132
254,891
575,14
485,400
-24,431
418,-96
-322,899
-24,718
367,899
-352,368
367,462
-400,785
-193,667
-391,81
-24,-38
-396,693
-400,337
-24,400
340,245
-54,891
-285,524
538,693
-384,-38
340,275
-364,275
485,899
-364,640
504,554
485,35
-364,306
504,-75
-322,764
-140,864
464,900
-140,-75
418,864
-218,852
-84,57
600,554
224,245
-399,215
504,-99
-218,368
312,245
584,612
-84,-75
393,640
-264,57
224,462
-54,275
-193,764
-391,899
-338,838
-264,400
-193,14
-322,554
100,640
442,742
-193,554
-112,106
-322,884
-218,-99
-84,-38
442,-52
-399,852
224,215
-322,14
-24,368
-304,-84
-322,891
193,764
538,896
37,-84
162,584
584,306
-285,554
-352,693
-384,852
6,81
464,132
504,-91
-375,667
552,-75
-112,742
-242,400
538,-64
564,764
538,462
193,-38
522,667
584,891
312,554
224,584
254,306
-396,-84
552,896
464,584
-391,106
-167,400
-375,554
131,-100
552,667
-193,-96
552,159
584,-91
-375,852
-140,524
-322,667
599,742
485,400
6,-96
-391,742
340,524
-396,400
575,368
464,462
-322,612
485,640
-242,462
485,864
-399,337
340,524
-304,462
504,804
-167,896
485,400
-193,896
-112,-84
37,667
-396,524
312,493
-375,-84
-338,524
522,-96
-352,400
442,891
-384,306
6,493
-140,852
-399,838
-400,852
393,875
-400,804
596,14
464,337
418,337
37,875
418,368
-285,215
312,875
522,462
-364,864
-167,584
68,884
6,693
575,215
599,306
-338,822
-140,900
254,852
-167,875
254,493
6,718
538,245
442,554
522,899
-352,804
-84,-38
-242,-84
-400,-38
-285,81
-391,81
522,-4
504,-38
-352,159
575,215
312,804
-285,-84
-399,57
-352,-52
-399,584
340,431
-264,215
-193,337
-384,584
485,306
599,337
68,838
-338,14
393,57
-140,462
-24,106
367,57
-242,554
564,215
522,368
224,462
-391,-22
284,275
254,-100
340,804
367,132
-338,852
-218,524
-322,132
552,742
100,554
-264,891
-54,584
596,-96
284,-99
-167,81
552,804
-375,612
393,584
-396,106
584,838
254,306
485,667
-84,245
6,215
522,554
6,-64
591,612
-140,764
-112,899
224,245
-193,159
522,875
-24,306
504,275
312,-99
442,899
100,584
599,584
-242,159
6,187
-399,900
-242,-99
-54,275
575,884
599,640
-375,132
-264,742
-167,81
-399,804
-167,899
564,640
162,804
-396,493
-140,187
564,306
224,612
522,875
-322,493
-218,804
-264,822
485,132
-112,-84
-218,-96
131,35
-218,159
367,306
-140,718
-285,612
600,-96
37,864
564,187
464,693
193,57
418,337
99,-99
522,693
-218,14
-285,693
-24,891
131,-38
-384,838
-193,891
162,-84
538,81
575,106
-304,554
-167,852
575,493
284,785
-242,-84
-384,640
193,891
485,891
442,14
538,337
584,822
442,132
224,-99
131,400
162,524
68,-22
37,838
-84,899
-322,245
-375,524
538,14
-396,864
-375,785
37,431
68,-96
-352,-38
68,764
-322,-99
575,864
552,35
584,554
-322,-38
284,584
-84,-91
-364,275
-396,187
575,159
-364,693
68,764
-304,368
-322,462
340,462
-396,14
591,-91
193,-99
596,400
340,-64
-264,693
596,838
538,132
-54,106
564,337
442,742
-396,899
591,132
-364,400
584,-38
224,-100
-218,822
-396,804
584,462
312,275
100,785
-264,14
68,891
552,-64
-54,-96
538,-52
-167,718
-375,884
-112,640
99,804
-264,-100
-84,900
-54,-38
-193,822
131,-84
485,-96
-242,884
538,-84
393,838
-352,-22
596,-99
-167,14
-391,822
-193,-52
-396,884
-364,493
-24,667
37,245
-322,884
162,106
-54,-38
-400,875
37,275
-352,-84
312,900
596,612
538,896
254,612
442,864
464,337
-352,667
367,785
596,822
504,804
-375,891
-391,187
-304,900
-322,822
-54,215
312,742
-285,822
-352,368
193,667
584,-99
-140,35
-112,852
485,891
162,524
254,718
485,-52
-84,81
-322,57
37,337
442,640
-84,187
442,838
538,187
340,-75
162,337
393,337
284,718
-391,306
-322,14
-391,106
596,306
367,-4
131,431
68,899
393,640
-112,337
-112,245
-285,822
224,852
485,14
575,693
-242,337
-54,14
575,-4
-391,493
-375,493
-112,875
464,838
131,106
485,742
6,-75
584,554
575,431
-384,-22
-218,81
464,106
-84,368
564,612
224,57
591,864
591,742
522,275
-84,-52
418,-84
-304,718
-54,431
599,-99
162,899
367,864
-391,306
131,-75
418,785
284,-91
224,742
-364,742
99,524
564,718
464,368
284,400
-322,667
596,275
-304,896
-54,718
-384,822
-352,875
-264,-100
599,-64
522,718
-54,215
591,35
584,875
-84,804
340,-64
599,891
-264,742
-322,-52
-391,35
-384,900
522,667
-396,584
37,306
-304,-64
-396,35
131,852
-167,742
504,-99
-140,35
591,159
599,106
340,337
340,-99
-285,896
-384,81
68,245
-384,742
340,245
-84,838
-24,-99
254,584
340,584
-391,864
-384,493
-322,400
-218,81
-338,899
591,-100
522,-96
68,584
-384,159
504,693
254,245
-218,718
-167,-84
464,245
-285,804
-304,899
-218,-64
-112,215
-391,106
538,-64
599,640
-375,215
340,431
68,400
340,891
-396,-4
-304,275
-304,524
367,81
564,667
-384,-91
-338,215
504,81
-264,159
584,896
162,896
-391,785
-24,900
-399,667
312,864
-140,215
485,640
442,667
37,368
-384,245
6,640
68,187
6,-22
367,493
-322,524
-218,368
-375,-4
-384,-64
37,368
552,896
504,785
-24,838
224,-4
418,-4
340,337
522,368
68,275
584,-52
284,431
-384,822
131,852
-322,-64
162,368
464,-52
224,584
-140,554
-218,764
393,368
442,764
-285,524
584,584
68,14
-384,215
504,-75
-396,554
504,804
-167,337
-375,-64
367,-84
504,584
340,-22
-24,14
-375,804
596,368
-391,132
552,306
-352,693
-338,891
131,852
552,215
-167,693
599,275
-24,81
-304,400
-338,612
-264,35
-193,-64
-24,852
485,875
-140,764
600,400
-399,245
591,400
-338,-4
596,493
6,554
-218,337
193,785
-285,337
-264,306
464,899
538,884
37,584
-396,337
485,612
522,693
131,742
504,804
284,106
-384,187
-264,900
485,-91
131,804
99,462
552,35
-24,718
162,159
442,-22
312,875
-322,875
312,-99
-264,900
599,804
591,764
312,899
538,275
367,-22
584,14
-364,-84
68,-75
340,14
-285,-84
464,-64
-285,884
-375,337
522,852
-140,14
-54,584
-322,900
99,822
-322,693
522,764
575,81
162,899
-242,693
312,804
131,159
504,804
367,896
-400,-96
504,875
552,891
-399,-22
538,875
-375,838
6,462
-218,584
504,-91
312,431
-322,337
-140,718
-338,14
-375,-96
-54,368
-84,431
-322,822
485,612
464,852
584,742
-391,-75
584,-64
-24,-91
522,896
99,693
-391,612
-112,-22
522,-75
-218,822
-384,-75
393,822
-54,640
37,-99
-400,-75
312,-52
284,462
-218,-4
-338,132
37,337
-264,785
591,875
596,-75
-304,462
393,884
-167,-91
485,584
-242,106
-322,462
-304,524
-242,368
504,400
-112,245
-322,275
367,899
-338,159
-242,693
254,-96
131,368
552,14
367,804
591,187
-167,785
393,864
-352,612
522,524
284,524
600,35
100,899
37,215
224,838
-218,891
367,-96
284,612
-364,693
224,462
6,640
-140,132
-24,-84
575,493
131,-75
-364,804
-352,275
-399,215
600,-4
-352,187
-285,306
-24,667
442,822
131,187
564,35
-193,431
393,-4
538,864
599,900
-112,81
284,35
485,187
254,875
-304,-99
-375,-99
-322,81
312,-4
575,667
37,81
599,132
193,822
591,584
-399,306
-193,245
522,718
504,875
284,215
-140,764
552,-64
393,764
-84,-84
193,667
-285,400
193,822
6,-91
-242,187
100,-4
-264,554
284,822
-352,-52
-218,612
504,-99
-396,187
-352,14
-140,106
418,132
-264,275
-218,554
-264,57
-218,718
284,899
131,667
-322,187
-285,891
37,524
-364,187
193,693
-322,822
-140,764
485,400
312,612
575,693
-375,584
-285,81
131,693
-218,306
575,864
-264,718
224,-38
193,875
-352,891
522,875
-24,718
504,462
-396,-64
37,-75
552,-91
538,306
254,306
284,899
538,524
591,884
37,524
254,400
599,-96
99,718
-391,864
393,864
-375,132
312,804
37,337
-322,368
99,-75
575,718
-399,-64
224,57
100,106
-399,-52
-391,640
-322,875
312,-22
-242,764
-384,742
131,-75
312,35
-218,368
-264,891
504,132
284,57
193,804
68,640
-352,-84
-167,899
485,431
-396,187
-304,245
-338,864
-112,838
-322,57
-285,864
99,275
600,368
-285,742
100,493
340,-4
599,-4
-264,822
464,554
-84,159
504,462
485,14
-112,81
-391,-52
-140,159
6,-22
162,132
-167,493
-384,584
-338,764
-285,-99
-384,-91
-193,554
591,822
-285,-64
68,584
100,35
224,875
-193,-91
254,159
-304,400
284,899
37,431
100,493
193,896
-54,785
-193,187
-322,-99
-375,-4
591,-64
552,852
312,896
37,-99
-193,215
100,-91
6,462
37,884
393,-100
591,14
538,852
-391,57
-391,-52
6,524
575,132
6,-99
-322,57
-304,838
393,-84
538,275
-399,900
193,640
-84,159
367,612
-285,899
504,524
224,764
393,-4
-264,900
-391,-38
418,106
-338,852
-400,106
-396,-91
522,159
564,368
599,106
100,187
-264,81
-140,804
284,667
284,81
464,306
-112,493
599,337
37,524
464,337
99,-84
464,35
464,718
-140,822
100,-96
418,368
-338,-22
-167,804
-396,132
131,-84
312,891
-338,884
-242,742
340,-75
37,132
485,57
367,524
584,-38
-352,159
504,899
-218,493
340,-22
442,400
100,400
-375,884
418,337
-304,337
340,852
162,106
-84,822
367,159
442,891
131,132
-24,-64
340,-99
-167,132
-399,899
254,275
-399,132
584,-99
418,896
37,764
-375,368
552,-75
596,132
564,822
522,431
591,554
-338,-52
-396,-84
-112,35
131,693
-218,-38
584,245
538,132
-54,-100
-375,612
-140,718
-396,718
504,693
-399,785
-322,640
-193,400
591,-52
504,81
162,-52
591,584
552,-64
-285,804
552,896
340,785
464,864
-193,864
599,462
162,245
485,-84
464,-100
254,822
393,14
-84,896
193,899
-364,215
-193,132
596,764
552,245
600,-4
538,612
254,462
-167,-4
-193,462
393,-84
522,-96
37,368
162,368
-338,822
599,891
-140,524
464,554
-399,159
224,187
-399,742
464,822
-112,764
68,785
-24,693
552,693
68,-64
504,667
6,-22
-399,-84
-242,693
442,57
-285,640
6,-38
-364,667
312,900
37,368
340,-22
-140,554
564,742
254,-38
504,667
485,-75
-375,-91
-54,838
68,159
-391,524
162,693
-304,-84
596,884
-218,822
-24,640
-384,431
418,899
284,640
393,275
37,-84
-322,896
-167,-96
599,187
37,493
-304,742
564,132
-167,215
312,612
-218,106
131,-52
-193,896
254,245
591,-52
254,215
522,-38
6,584
393,493
-167,81
552,81
-24,431
591,159
-352,35
485,462
-24,337
564,852
584,884
485,-38
162,864
575,-75
162,306
464,431
584,431
552,-100
-193,875
37,764
224,-100
-193,891
68,57
-54,554
193,524
-84,-75
564,742
-364,431
254,640
485,838
68,640
-54,-38
575,493
575,14
575,-52
596,875
-140,-52
584,693
-264,852
-84,875
-218,742
418,337
-140,900
367,-4
68,159
312,742
564,554
-264,14
591,14
-322,640
-218,306
-193,368
367,884
464,81
-396,718
312,187
99,35
564,875
538,187
340,554
599,838
-24,81
193,852
193,822
-338,875
-304,-64
442,640
564,742
254,57
-396,187
-24,215
131,884
522,368
284,852
591,899
224,215
-193,718
-375,764
-285,875
-218,852
-322,852
68,-96
564,899
-140,462
-375,640
37,764
-24,-64
131,-84
564,493
-112,57
564,764
591,-4
418,-64
-285,785
504,14
224,896
-24,275
-242,-75
-193,822
538,159
575,667
393,187
-384,-99
37,612
584,899
-399,900
-338,-75
-352,785
-285,884
-285,-96
-54,640
99,-64
367,14
-396,81
504,822
-322,431
-338,899
131,864
-400,896
-167,400
-167,804
-384,368
340,368
-112,431
-54,524
224,-91
340,337
584,106
340,215
-84,462
-193,106
584,875
284,-84
284,-4
37,245
367,-64
68,584
162,-99
254,667
-375,-99
37,718
464,822
-264,584
-399,852
-304,693
-193,14
-193,864
584,-99
-167,368
538,306
-264,106
-400,667
442,14
-112,884
-84,337
-24,215
-218,57
-364,-38
600,693
-399,-84
-338,693
284,875
-391,-64
-112,187
596,899
596,891
600,822
442,368
-384,900
193,-96
418,764
-54,337
193,-64
254,822
-285,584
591,667
284,-38
522,-52
538,896
6,-22
485,-75
-384,838
485,462
-167,306
-304,612
575,132
552,-84
393,-91
-399,132
596,764
224,-38
-167,852
596,640
-285,804
522,-99
393,-99
-242,35
-396,187
-264,306
599,-99
584,-100
-264,804
552,245
575,-4
-352,-22
442,-96
-140,524
340,764
193,524
-285,584
600,106
-264,718
-264,718
-396,462
-285,612
-84,742
-285,742
538,693
-140,400
162,-52
99,612
224,667
254,693
538,838
-112,-22
575,159
418,462
522,337
68,896
-140,764
393,493
6,35
-375,306
-84,864
37,-96
-396,785
-112,554
575,245
596,-4
584,-84
504,132
-375,493
-399,875
-285,275
596,215
522,524
-304,693
37,215
254,718
-391,804
-112,742
442,838
-396,-64
600,852
284,368
-84,884
-24,-22
564,-99
504,-96
-352,306
-242,14
-242,57
99,-4
37,57
485,764
-396,875
-54,337
-264,215
162,822
-242,-99
418,275
418,-99
284,764
596,159
162,822
552,-52
-400,667
485,-22
-167,884
-384,275
131,875
-338,584
-167,-22
552,785
504,584
-193,524
575,57
464,896
600,-99
6,-52
522,838
254,875
393,764
284,215
-384,-91
-400,275
596,554
-264,-22
522,275
312,693
393,-100
418,275
340,718
-304,804
-242,742
-140,742
504,852
340,337
-242,462
418,852
522,554
522,57
-112,-75
538,891
584,785
-352,-96
-140,640
591,852
599,132
-285,-52
193,81
-396,81
37,899
564,-4
162,-38
-338,-96
-193,-38
591,215
-396,718
599,785
-24,-84
485,35
367,187
-391,-99
552,-84
-338,-84
504,896
162,-4
-352,337
-193,14
-304,132
100,875
-304,-22
-84,742
-54,431
504,718
162,159
-140,400
-338,667
-242,896
312,838
552,81
254,-64
-84,584
6,822
162,864
564,187
-242,875
224,864
-384,215
-54,-64
367,14
312,612
312,864
-242,718
442,785
-338,-84
-24,35
131,35
284,14
564,-52
600,693
504,57
-24,785
193,896
393,891
312,554
131,337
442,57
131,838
522,-64
-400,-99
340,35
596,35
-285,524
-167,462
-140,-38
284,337
599,584
575,804
-264,838
68,-100
284,159
393,524
100,864
-399,896
-352,875
564,884
162,864
-193,187
596,35
37,875
599,822
552,667
418,822
538,159
591,667
312,875
68,896
-338,718
68,57
-84,215
-285,875
-352,57
68,-100
-304,554
584,400
-304,891
-375,57
224,764
-112,-64
596,493
37,462
-112,306
564,804
-112,215
-54,81
340,875
68,875
-375,785
418,431
37,-4
-375,718
552,81
-193,785
284,891
442,-52
6,667
591,-91
193,106
-218,106
131,804
6,864
6,899
-322,764
-304,400
99,215
-193,764
-167,584
485,57
37,106
418,899
538,-84
100,667
-399,14
596,368
-396,667
340,896
-338,742
442,693
6,-64
464,132
-24,337
522,852
-396,35
591,612
584,159
68,524
464,524
-375,431
-193,764
596,187
-375,524
254,245
-304,-91
162,640
-391,896
575,462
-375,-22
-338,-91
100,187
584,-91
564,-99
-167,215
-375,896
-400,584
-304,764
591,852
-375,667
367,159
596,215
367,742
-352,-91
100,785
575,132
-242,-4
564,337
-391,785
254,640
312,764
596,804
-285,159
-84,838
575,900
-364,852
-399,368
193,875
-218,899
367,891
-167,14
504,35
538,891
-193,14
162,-75
522,554
131,215
522,337
284,-99
-375,187
-352,804
-384,14
-193,-4
538,-75
100,667
-352,35
442,899
-364,884
552,884
-242,35
37,106
37,864
538,822
254,-100
-285,554
162,554
-54,400
-396,431
-54,431
575,891
464,900
99,159
-264,-84
-84,57
-193,-96
-140,896
284,764
584,400
-112,81
162,891
-218,884
464,337
367,187
-399,57
-285,-64
-384,-96
-338,-4
68,764
596,35
504,81
-391,106
552,804
485,35
-396,-91
591,493
504,132
6,852
-285,-52
340,-75
367,785
193,785
-264,187
564,275
596,-52
418,693
-304,899
464,554
504,-99
-140,132
-352,106
564,-84
-396,-75
-264,400
575,896
464,-96
312,-64
504,187
193,35
564,14
340,693
485,612
-396,-22
-264,106
68,81
-304,667
-193,899
340,14
284,-75
-242,-4
-112,400
162,187
284,-64
464,822
442,132
-112,693
596,431
-384,742
-193,337
-364,822
-285,612
-112,337
599,838
193,-22
538,-96
162,337
-391,584
599,896
224,57
162,215
-384,891
193,899
162,838
584,891
-399,864
-391,612
504,187
599,584
-396,337
552,14
600,884
-242,852
-396,337
504,-84
254,584
-304,493
68,884
-384,524
367,852
485,-99
-84,35
-24,-75
254,431
-84,838
-167,804
-264,132
6,368
442,462
584,245
162,-100
-322,-22
367,554
224,-52
599,35
600,864
442,187
-285,742
-400,-96
-352,-96
-384,431
-242,875
-112,431
340,891
340,764
-400,-99
-396,431
-304,554
-396,-96
312,875
68,-96
-193,864
504,400
-384,215
-338,431
6,-22
393,431
224,462
599,804
37,891
-384,306
284,884
522,-99
599,306
6,667
254,337
224,693
-338,431
-285,187
340,-100
340,-84
-391,554
312,612
-304,822
-375,804
162,-52
-364,693
-242,-96
-384,804
284,337
522,875
-399,852
312,81
68,-84
224,822
522,864
312,-91
-400,-4
224,-91
-84,400
464,554
-322,-52
575,35
-140,891
-304,-64
-242,884
224,35
-264,900
464,875
37,57
485,524
464,368
-399,462
596,-52
-24,667
418,554
584,14
224,584
284,612
504,493
393,-52
100,612
-364,275
-24,275
-364,-100
-364,215
-218,187
-112,864
-242,-64
-338,187
-112,132
312,-99
538,57
538,-64
-242,764
-24,306
-391,822
-364,804
591,524
-193,667
-400,822
193,132
-54,864
-396,306
600,764
162,612
-322,838
340,667
393,640
-400,462
-396,785
-242,667
-140,524
538,306
485,368
584,-52
312,667
-396,306
418,612
-399,554
-396,742
599,-64
-338,785
584,275
284,-84
367,14
162,584
504,612
393,306
-364,764
367,852
-112,640
393,-38
-304,-96
-364,764
591,804
522,81
575,431
552,337
224,900
442,-91
575,-91
284,81
584,215
-167,640
-391,900
-54,-99
575,337
193,524
193,306
-352,245
-391,337
131,764
-322,187
504,306
-375,-96
-285,306
575,667
393,-22
-140,-22
367,215
-242,-64
-285,132
-140,306
162,-52
575,35
367,884
-400,852
254,875
464,-4
284,896
-54,785
-338,838
-167,804
-218,899
-218,159
224,35
6,-91
131,275
-384,-91
393,-64
162,245
99,-99
504,524
367,-22
-364,852
-24,462
340,852
6,306
-112,14
224,-22
-285,57
393,693
-322,-52
367,875
224,159
284,838
-24,804
418,899
552,875
-242,14
464,875
340,-99
254,81
-24,245
-193,852
131,-91
552,742
504,693
340,132
-338,804
584,81
68,804
584,838
37,891
599,764
-84,462
-399,106
-167,81
-112,245
312,275
-112,275
-384,187
-193,-38
600,35
340,693
584,899
-218,-100
284,524
367,852
-384,804
600,132
100,275
68,462
-352,640
-375,667
552,-84
-84,106
-352,891
162,-75
464,368
-364,106
-285,804
522,-52
552,612
584,764
-242,524
599,-22
-396,106
485,764
6,640
599,306
564,718
575,431
6,899
-24,400
131,245
6,337
-285,875
564,-91
-140,14
-322,899
-375,368
254,875
367,785
-264,337
-193,-99
591,612
-338,368
-167,804
-352,306
538,-91
-338,337
-167,275
418,852
193,215
254,804
442,785
-396,245
312,-91
224,35
193,875
37,884
6,-64
599,718
-24,493
584,554
538,-64
340,-84
367,-91
-375,899
224,400
575,-91
552,-99
100,57
-112,-52
-24,-38
312,35
367,-38
224,-100
254,368
-322,14
-352,764
-322,896
393,-22
393,875
418,106
596,742
-285,-38
-384,493
442,-38
-399,864
-375,159
464,132
-193,57
393,-75
-193,-38
-140,275
442,884
193,891
-399,693
37,852
99,35
-391,81
599,693
-242,14
224,612
193,822
193,764
-364,275
-391,431
-242,306
-391,462
418,306
393,-96
522,-100
-112,132
464,-84
-84,875
-193,822
-384,896
-391,852
504,838
599,-38
599,-22
418,215
312,275
596,-52
-218,-4
-140,864
442,838
599,14
393,245
418,245
-352,896
504,899
600,891
312,864
162,106
68,-75
-264,875
-304,-75
552,-38
599,187
367,554
-322,667
224,896
-242,57
312,838
-285,275
-322,693
464,-91
-285,-4
442,-75
-304,900
538,35
-167,-22
-338,852
418,764
367,718
-285,-84
-193,693
584,35
-264,875
99,804
312,785
-352,742
599,-52
37,864
-264,-38
-54,764
68,462
68,132
-285,584
-193,693
-304,-22
504,-75
-112,884
131,875
564,132
-218,-64
-218,-99
591,718
100,132
-391,431
596,368
591,667
-242,640
-140,838
-285,400
37,838
-193,493
-322,742
-54,493
312,-22
193,245
584,81
6,187
284,742
564,899
-384,875
522,57
522,900
37,35
284,891
-84,306
131,640
99,275
442,891
538,132
68,785
522,-96
522,337
-396,554
37,554
-322,14
100,-38
-391,-64
584,-84
552,884
575,875
393,245
418,245
485,899
-54,159
99,275
-84,896
564,14
504,159
485,804
367,896
312,368
-338,852
340,-22
224,337
-375,742
-264,640
193,852
564,822
552,554
575,-84
591,35
68,-75
538,57
131,306
-285,838
-242,431
575,852
-140,891
-384,-52
367,462
162,852
68,785
162,-91
591,524
-193,337
-193,693
-112,875
-84,584
-322,337
-193,106
-352,804
-54,431
162,81
522,667
254,838
-322,896
-242,584
393,764
596,187
6,-75
-54,852
504,-100
-322,-91
-396,785
-399,493
284,875
-24,875
-352,899
-193,891
-264,14
584,462
-285,804
442,-52
504,132
464,187
193,804
418,368
-218,875
-242,-52
393,57
6,640
6,159
600,875
442,493
-384,-38
-322,584
485,667
-218,-75
584,215
575,693
-84,524
485,462
-400,-4
-193,-99
564,-96
-304,400
224,838
522,368
575,-99
-391,215
-193,-84
-304,159
68,106
485,-96
538,187
575,306
418,852
-193,493
504,-99
-54,884
-304,400
575,896
-375,-99
584,-96
599,584
-264,106
-24,81
591,891
-304,-64
-384,693
418,306
284,900
-218,640
-396,-75
-352,742
-84,-84
284,864
591,187
485,-75
575,-52
254,245
100,14
193,554
-338,368
-84,891
-24,81
100,852
464,864
504,864
340,640
-24,-96
-285,554
596,-84
68,187
504,875
131,612
464,-22
131,764
-112,35
442,-64
-218,864
68,693
-399,159
367,838
193,-64
418,742
-264,35
538,524
340,106
-285,-96
-384,875
193,400
522,-38
442,132
552,245
591,884
538,884
-352,106
-391,667
591,804
-322,-84
504,368
-218,693
538,838
-193,838
6,431
538,-38
-193,-75
-140,215
442,35
68,785
-242,159
-140,896
-399,-64
-54,106
-24,159
-242,884
-54,899
340,462
-322,785
596,-91
442,462
-375,852
-384,275
162,106
599,693
464,-100
-375,838
-391,-52
-396,742
442,431
-140,822
-322,-22
584,896
-384,-100
-264,554
442,742
312,159
162,462
-264,-38
-264,896
-24,-64
-285,742
162,891
367,891
367,275
-167,-52
-140,35
37,524
6,-99
-364,215
522,-52
-54,584
284,554
-242,718
-140,875
131,400
-364,899
-112,431
538,81
162,899
591,-99
162,838
393,852
-54,57
254,-22
312,81
-352,431
600,81
-396,-4
-322,337
-396,-4
6,554
552,875
-364,785
-384,864
-399,838
504,-4
-112,785
393,584
-384,852
-218,306
584,81
-285,554
485,368
-396,-96
224,81
-24,106
-352,-38
-54,804
-400,900
99,742
162,864
596,106
-167,106
522,-4
-242,891
340,462
37,14
522,275
131,-84
367,431
393,368
564,864
367,804
224,337
224,804
442,-75
224,159
564,884
-375,-4
-396,864
224,462
193,612
-304,159
-84,742
-54,187
68,81
-396,81
-364,431
6,35
-304,-75
-364,693
367,215
-84,159
-285,554
-375,864
538,584
591,612
-54,14
37,57
-338,81
504,899
418,838
-338,-22
485,900
-399,718
-396,524
-140,554
-242,693
-84,884
442,693
-242,431
367,-22
-399,35
193,554
-84,891
-167,718
37,-75
312,187
-285,742
-391,-52
-391,215
-399,-38
-264,900
254,-4
538,132
-338,306
464,864
224,337
-112,822
312,-52
-242,-84
-399,132
-384,-4
-24,-75
485,900
538,159
485,804
522,81
-391,462
-285,822
162,896
522,245
-264,864
538,81
418,306
-352,462
-167,693
254,368
575,864
-242,-64
-375,718
504,337
538,275
-322,493
-167,884
-384,884
-304,640
504,245
-338,337
-242,667
504,-38
-218,431
-285,718
-242,462
-167,245
162,368
538,462
-322,875
-140,-22
596,838
418,-75
-364,554
-140,875
284,215
-167,132
552,891
284,804
575,-96
-304,899
584,884
367,-96
522,400
464,-52
367,838
522,-75
-140,-84
-384,891
-384,896
575,35
-193,14
193,337
68,106
99,612
464,14
464,-38
-399,-99
-375,838
224,57
-242,-4
340,245
312,764
224,718
522,875
162,554
-384,462
6,-52
284,804
-396,584
-375,493
-364,891
504,245
-375,718
6,275
564,462
485,81
596,-4
-338,822
538,667
-285,554
-285,524
162,667
-384,718
-54,400
464,275
-391,900
-399,875
-140,-38
522,-52
522,-75
6,-91
340,14
-242,81
-167,742
552,14
-218,187
284,132
504,493
442,554
-264,785
-304,822
-338,822
-391,891
-140,-84
552,-100
-338,-84
-304,106
-218,159
-391,368
-167,245
584,822
-304,187
-242,-75
-264,884
193,764
591,275
504,431
564,524
-264,899
-338,804
591,764
-140,875
584,-84
599,106
-338,14
485,14
-140,14
284,554
-285,667
367,804
193,864
575,159
485,-99
596,368
-399,-96
-285,14
-322,640
485,742
-396,106
442,764
522,-91
-24,764
-285,368
485,106
340,-4
538,554
-322,554
284,-64
596,-84
564,81
-322,493
-375,584
284,106
284,400
-396,-4
37,764
-264,693
-112,640
340,899
-396,612
-167,838
-384,-84
393,822
-285,864
-264,584
591,275
-242,462
-112,400
591,764
162,742
-285,187
6,81
-384,640
254,337
162,838
6,-38
-242,693
538,612
367,57
-112,-91
284,-100
131,891
575,106
393,187
-396,132
68,718
-396,-38
564,306
-322,306
485,693
284,-52
-396,57
564,718
284,-84
367,-64
224,431
538,554
-384,875
485,14
464,215
-264,718
100,693
-391,337
-399,187
-364,57
-112,275
418,57
99,306
-391,785
-218,-52
-264,106
596,400
418,804
-112,718
485,864
-242,35
538,81
224,462
-264,-64
564,891
575,-75
-396,400
-396,106
162,337
224,81
-218,-100
575,838
99,187
599,554
312,554
418,275
-304,554
-285,718
538,-96
564,742
6,899
254,400
-84,35
-112,-84
-391,462
-399,852
-352,306
193,337
584,57
-84,524
464,764
-193,896
485,852
-364,899
599,14
193,864
575,275
-338,-75
522,838
100,584
68,462
254,57
162,-100
-264,804
6,891
418,875
575,275
584,35
-167,-100
-218,838
-167,891
-242,884
68,159
6,891
-352,400
538,852
-285,718
591,718
-193,693
522,884
367,822
37,493
-375,-75
-391,584
-285,899
162,764
131,524
-24,337
538,337
37,106
131,-64
-352,-91
193,584
-264,215
284,838
-54,431
-167,-96
340,275
-400,306
-391,-52
-375,852
-242,875
-24,-38
-375,852
224,742
504,81
-391,81
538,899
-400,132
-391,35
-304,-22
564,718
-242,875
-285,584
584,896
-384,742
100,132
564,275
37,-100
564,431
-112,822
68,640
-167,667
-24,-99
367,785
-167,838
-396,852
-218,106
-218,-52
-242,896
596,718
-140,306
312,431
538,612
-140,900
-391,275
538,667
-338,693
442,899
564,852
538,896
564,275
599,35
-218,-91
6,822
393,785
596,187
504,14
-54,431
367,-99
442,785
68,400
-24,-96
564,-38
591,554
-24,785
600,822
552,875
393,-64
552,804
-352,764
-242,554
-304,-96
-322,554
596,554
-140,-52
-352,900
-391,368
-264,-84
464,822
442,899
99,-64
-167,493
193,493
591,584
-24,891
312,804
-218,187
-322,896
522,884
312,275
131,337
68,640
538,612
193,584
575,14
-193,-99
393,187
-391,-84
596,-84
312,852
596,462
522,-84
-304,864
-304,-96
-167,554
-396,612
552,764
-112,667
-112,81
393,554
193,612
393,493
485,891
-338,-99
-167,667
-322,57
100,612
-112,132
-167,764
575,524
-264,891
-391,764
-167,718
-322,337
-399,852
-167,875
312,693
504,852
-140,-75
-242,215
-218,884
596,35
552,-52
-352,81
193,742
-264,764
68,245
340,462
340,899
6,785
504,667
-304,554
6,-52
-322,-96
-84,640
596,-64
224,132
584,81
-352,524
193,-99
596,57
-140,584
131,-64
162,306
-399,718
-54,35
504,742
-285,785
-285,612
564,462
-322,640
442,852
-352,-96
464,891
591,852
599,524
-84,306
-24,891
552,785
-112,785
442,187
-112,187
564,718
418,400
442,667
-140,400
591,14
-285,822
504,368
-338,718
-285,822
-264,57
538,852
162,132
131,-4
584,-99
575,718
193,891
131,35
-304,493
485,584
162,584
564,718
-391,-99
340,-38
504,-22
-338,693
485,864
591,612
-218,431
-218,838
591,742
224,-38
393,368
538,718
-24,612
-364,640
552,804
599,524
284,875
538,-22
504,306
-54,14
-400,864
284,106
6,-91
-112,785
312,493
367,-4
522,106
418,-99
485,-64
-84,785
-24,864
-167,804
-400,-91
596,852
584,899
584,-75
-364,899
522,899
-112,667
522,81
-375,462
-375,-75
254,584
-24,804
-140,875
-352,132
-24,159
6,-96
-167,764
312,899
131,159
552,667
-384,493
-364,57
-384,693
6,891
485,-91
99,804
-140,612
-193,-96
504,896
393,718
-264,106
-375,187
584,493
-384,275
-304,-75
-322,-75
-264,35
-399,667
538,900
6,891
442,584
6,35
522,640
596,-38
584,-22
596,57
-193,875
-167,306
538,693
-384,431
284,718
6,764
193,462
-391,132
485,14
-322,875
-285,-91
-218,891
-84,132
193,-64
37,-64
464,35
340,693
418,785
522,584
-322,612
-84,612
-384,132
-391,822
-193,838
162,431
564,852
-285,431
162,306
-285,891
599,667
-242,742
-218,106
-193,554
-391,14
552,-38
485,524
575,275
-193,718
193,804
-384,612
131,35
591,785
37,640
131,-91
-218,462
599,215
367,612
-384,667
-112,524
485,584
-218,106
162,132
504,-75
37,864
-322,159
-304,896
599,132
131,524
538,132
-338,-52
552,431
-193,159
-396,524
591,891
591,900
-322,14
584,899
99,-4
-193,838
224,215
37,245
367,-4
442,875
162,-4
522,-84
367,864
224,584
284,584
599,-84
-399,718
-399,35
340,822
599,368
552,640
418,57
564,215
599,-64
442,884
-218,81
-264,35
-364,852
193,764
162,718
162,431
99,-4
284,667
367,-22
575,640
-399,-96
393,431
-391,640
-322,215
-352,864
284,368
584,875
-167,742
-352,-91
367,667
504,852
-84,884
418,431
-396,667
393,-96
254,-52
-375,693
564,640
-193,612
162,132
393,-64
-399,35
-364,493
600,804
-193,132
552,-52
575,875
504,838
418,-96
131,215
-218,864
393,275
340,-38
504,899
552,804
-364,785
504,640
-218,864
100,584
485,14
464,-4
-364,306
-24,640
-352,764
-54,-64
68,462
99,852
312,132
-304,-91
596,106
-322,822
162,-52
-322,493
599,-4
99,667
-24,215
-242,864
-24,35
-193,368
-285,159
-304,187
485,-52
-193,-38
-375,-38
367,640
-391,187
564,524
-24,667
393,187
367,368
-24,584
418,462
-264,896
-84,-75
224,462
68,159
37,-96
393,57
224,-91
-400,337
-304,-100
-338,852
-218,-22
599,584
367,896
254,-91
504,640
-264,667
254,368
575,306
-218,822
367,838
552,718
-375,-4
-264,187
284,718
-167,742
-54,431
442,612
-140,14
600,875
-352,864
-167,187
-167,891
131,275
-338,462
68,159
-264,693
599,400
312,368
284,667
-352,306
-338,742
596,275
100,524
-54,764
-338,-100
284,-22
-285,275
591,-100
599,693
-399,822
131,-96
-218,693
-352,891
-264,400
6,-52
-391,368
464,822
-322,14
564,896
485,742
312,742
-304,667
464,337
393,-99
-396,640
-193,35
162,864
-140,884
99,899
-399,-99
-285,493
-24,187
538,554
552,742
485,-91
522,852
68,368
442,899
442,368
-391,400
99,81
552,431
-140,640
584,822
591,584
-112,493
-375,838
-391,35
-242,667
-396,-38
-218,-96
584,14
-218,640
-285,524
284,245
538,584
-396,864
584,132
312,-4
-112,215
-193,-75
464,14
-352,-64
552,896
224,-22
-352,884
-167,159
6,431
538,215
-322,899
442,852
-167,822
-140,875
-352,864
-322,852
596,-91
584,306
37,306
-218,891
131,-4
-375,667
254,-96
599,584
-396,-84
-375,368
100,-91
224,400
6,554
-54,368
504,896
522,275
564,884
100,804
6,524
522,-52
564,-38
485,-64
-140,852
591,275
-322,-22
-264,554
131,884
-54,852
-167,-38
591,-52
6,275
575,896
-54,306
162,14
-112,612
-140,804
-352,306
584,215
584,35
552,900
284,-96
-84,785
-84,742
-384,640
485,106
538,106
596,493
312,838
442,81
340,106
-167,864
584,400
393,-96
-304,14
464,493
-112,-4
-391,132
312,838
224,896
6,-22
464,524
-364,400
522,-75
596,159
131,-84
575,106
596,899
-396,785
591,-38
-167,493
442,-22
100,493
599,-52
-391,368
-193,-91
485,132
564,81
-384,-4
100,640
37,864
131,275
-352,640
-54,896
591,884
-54,612
-112,554
193,57
-193,400
-54,-38
312,852
131,-4
-285,524
367,400
-24,14
367,852
312,-75
575,187
564,106
-84,81
591,838
-140,-52
564,884
340,462
464,838
-193,493
-140,524
-140,900
-193,245
584,785
-396,693
-242,822
224,81
442,785
-84,215
254,667
284,584
-396,764
464,-75
-112,764
584,884
442,368
464,-52
393,718
-352,106
254,215
600,400
-338,864
6,742
6,-91
193,-75
393,275
6,-96
-396,-4
-384,215
596,431
6,-96
-399,640
596,693
-391,275
224,640
37,838
367,718
-84,-38
-400,132
340,-99
-384,-52
-399,838
-167,-22
-264,-38
-285,-52
-167,14
-375,462
575,785
584,718
193,-64
442,693
-399,215
-338,-64
552,612
-264,-4
584,275
504,-38
6,-91
-24,852
131,106
-285,-22
-264,400
37,718
68,742
-399,159
193,-52
312,-84
596,81
-112,-4
284,852
393,584
-84,896
538,804
312,14
-140,275
131,368
131,-4
162,-75
-84,612
442,462
-384,554
575,-96
485,852
-322,864
-218,-100
504,612
-285,462
-112,764
564,864
-322,306
-352,838
442,838
-375,-96
-264,215
504,804
418,57
596,896
-375,462
393,822
100,584
-218,-84
224,431
68,612
6,742
312,-91
-384,693
131,-96
-112,14
254,764
224,187
-400,785
-54,640
224,693
68,900
442,159
-375,838
596,554
-364,462
-396,742
552,368
-167,-99
-375,159
312,57
193,822
-352,612
312,891
37,822
-54,764
504,159
-242,-99
584,667
131,838
-338,742
575,431
575,-84
-24,640
552,640
-384,822
254,554
-322,-4
-264,524
37,215
131,-38
367,-84
-364,875
-304,524
-364,804
-84,718
-140,899
-84,14
99,-38
193,896
-384,81
522,640
193,245
538,-52
591,524
596,667
100,852
99,-52
-218,838
-242,-52
-285,764
-193,667
6,852
367,899
37,306
538,431
552,852
-285,187
68,-75
367,884
193,-75
-391,822
-338,493
-218,584
-112,899
-285,-75
599,132
-24,864
599,306
552,718
-338,400
485,896
-384,368
-352,764
-193,-52
284,368
-140,-38
-364,891
-304,-64
-322,-38
340,-99
599,-22
367,764
393,14
224,337
193,275
-396,337
504,900
162,245
162,612
-140,804
591,35
-322,245
564,718
552,896
-54,-91
-140,431
68,187
-242,718
-322,899
442,81
-24,875
552,159
254,-75
-54,431
-384,462
37,187
254,584
575,554
504,764
-167,875
-285,245
485,742
131,-96
522,718
-399,693
-338,215
522,14
504,822
393,275
-193,187
-112,106
6,159
131,891
162,275
442,785
-399,900
584,132
599,187
-218,35
575,884
393,-84
-54,884
464,693
-285,667
-54,14
367,159
564,187
-54,-99
-285,875
162,584
284,275
99,-91
-54,764
584,35
224,896
522,400
367,493
-112,667
131,215
-167,-52
-304,187
-140,106
-338,896
-396,764
599,524
485,-75
68,-75
340,-38
-364,524
-400,368
504,899
552,368
393,764
485,106
254,554
596,612
-167,667
418,368
-242,35
-84,106
-322,742
-396,-22
464,584
552,822
-167,215
193,368
-285,337
-84,718
-218,368
312,275
254,-84
367,764
-338,864
68,-52
393,524
-396,187
284,337
418,-52
-193,554
37,106
367,159
162,852
367,667
367,14
-24,875
-375,337
-24,462
599,764
-285,554
-396,-99
162,-96
-285,275
100,718
-242,245
-400,-64
464,838
68,875
284,337
193,693
-112,187
584,864
131,368
68,891
584,81
-399,-99
442,584
485,-99
6,822
464,896
-391,-52
538,431
-396,35
564,-100
464,640
-24,337
-399,899
552,667
464,187
-218,35
591,-91
591,554
100,368
-338,-64
584,884
-364,612
-375,584
-285,524
564,-75
131,215
599,215
100,81
591,-38
-304,-64
-352,57
-322,-91
-167,159
-391,106
393,-99
224,612
-375,275
340,891
-396,896
596,337
-338,891
-140,718
-375,132
-84,-64
312,900
-242,-22
162,554
162,-96
-264,431
-384,431
367,-99
552,368
504,742
-338,493
575,275
-285,-22
37,804
162,838
-193,-91
-242,337
131,-99
224,132
193,584
-218,667
575,899
-384,81
6,81
-384,81
442,215
-24,35
6,462
596,785
37,368
131,275
131,35
340,306
-352,718
522,-99
504,612
-338,431
591,57
-364,132
-375,-75
485,875
504,667
464,884
193,-64
464,640
464,718
37,-4
584,584
-304,667
464,35
464,764
-24,275
-304,-52
-242,400
-384,584
464,612
-396,-38
-391,667
485,667
-218,891
-140,864
-364,35
162,-4
162,81
-396,337
-24,554
-304,-22
538,81
-400,-75
599,693
-375,900
-384,337
-322,891
-112,187
312,884
254,-38
312,764
131,-91
393,-91
312,838
99,106
-167,159
596,-96
485,612
68,187
254,-96
584,852
-391,852
-322,35
504,132
-399,899
-384,187
-24,693
-218,-38
-140,864
162,215
596,524
-24,804
312,106
464,132
162,306
522,891
-264,875
6,-52
312,-99
599,159
193,-38
-193,693
340,35
-391,899
131,-52
552,693
224,-96
464,-38
-396,431
-218,-4
485,159
-218,462
-112,612
224,275
-84,215
254,106
-352,875
393,337
538,693
-375,524
564,822
564,-91
224,-96
564,81
-375,275
-285,-99
591,584
591,884
99,-99
-285,159
-264,493
464,81
-112,462
-242,785
-304,57
312,804
-140,-38
591,35
-375,640
-140,187
538,-75
-322,-22
-352,-100
-338,215
-264,-52
-84,785
-364,14
504,785
-218,838
442,864
68,35
131,764
-364,891
-338,742
599,896
-384,693
-391,896
68,245
37,187
224,462
99,81
-375,896
162,14
564,14
-384,785
-264,493
37,493
442,838
564,-99
-364,718
600,584
-193,306
-391,896
-112,718
-218,368
-242,35
312,554
-24,215
37,667
-322,524
-264,884
-264,-64
599,57
-54,764
-304,822
442,693
575,891
393,-100
-112,-4
-322,612
-193,667
-84,-100
-285,742
340,891
-338,742
-54,785
254,81
-264,524
393,462
367,337
68,-96
-54,524
99,462
162,493
162,667
504,-96
596,187
522,306
193,132
-352,-4
224,493
442,884
-352,187
-399,-22
254,785
464,822
-364,462
-112,899
284,-64
37,864
254,245
162,-4
575,742
-242,718
-375,852
-322,35
-218,718
-218,838
-391,337
-242,-52
100,-100
442,718
575,306
-384,899
312,822
-167,838
-384,275
99,875
464,896
-396,368
-396,368
464,718
-400,-4
68,-99
193,106
393,368
591,400
591,667
442,306
-396,864
464,-96
485,-75
596,900
37,368
312,57
575,640
312,838
538,337
599,884
-364,337
-396,57
393,891
-384,57
224,-75
-167,368
6,275
-400,159
599,-75
485,584
-218,-84
-396,899
485,-99
-242,462
522,612
-218,493
-140,132
538,245
-322,306
37,431
575,275
-193,891
-364,-75
131,785
6,106
-84,-75
-140,667
596,838
-140,-22
-167,899
37,-38
504,400
-84,524
6,132
504,896
367,275
162,306
599,693
-391,275
-242,-64
99,462
442,187
6,-84
584,400
504,584
591,81
591,742
-242,-91
-384,852
-24,400
591,785
584,875
-391,400
599,215
393,822
552,57
-54,554
464,-22
464,-96
-399,-100
-242,275
-54,891
-384,852
37,-52
584,-4
6,-96
418,368
68,-38
-264,368
-264,368
-375,-22
-285,215
224,245
599,804
-167,584
367,57
224,896
-218,-96
-242,764
584,900
599,159
37,785
-391,884
564,159
68,-75
131,838
340,896
575,400
584,-4
340,-99
-24,215
522,891
100,524
-375,159
68,554
68,612
-364,524
-304,764
504,106
340,899
312,-91
538,838
393,81
-399,245
-391,852
-384,215
-84,431
-338,896
-140,838
-322,57
-218,667
284,667
522,804
596,852
584,838
-322,-4
-24,35
-304,900
367,891
-322,159
-193,132
599,-38
-285,400
-140,81
-304,-64
393,667
564,215
599,852
-24,-75
596,875
-338,804
-375,-64
340,337
367,132
485,-22
-167,852
599,-22
504,584
-112,493
-218,-52
-193,275
538,584
564,493
284,554
-112,14
522,524
340,-96
538,493
254,612
-285,-64
464,640
-384,368
-84,159
131,667
-112,-99
584,-99
68,891
284,852
-285,-99
538,431
224,431
504,159
-322,-96
68,106
37,822
418,368
193,554
-338,81
68,864
224,899
418,132
575,693
-400,-91
-391,57
-54,891
-352,718
575,-22
596,400
552,693
485,667
-218,106
575,554
600,875
-391,462
162,891
6,187
224,-91
-285,822
-24,524
442,187
367,57
-54,838
418,400
68,822
-140,-91
-352,612
464,524
-285,35
-84,718
312,-91
-364,368
-218,493
284,875
-304,-84
600,896
193,106
-400,275
367,864
254,884
393,106
-396,462
284,159
99,640
-338,-99
-338,81
485,785
-285,640
538,-52
418,693
284,245
-352,-4
-112,822
-384,899
224,-84
-391,35
-112,884
-218,275
-352,554
-364,693
464,884
442,667
-364,693
-352,875
-364,742
-375,891
131,-22
596,864
284,215
-84,884
-352,891
-285,-38
162,215
-24,896
-399,764
575,852
68,899
-264,245
367,-96
254,899
442,245
575,-99
-242,35
600,896
-375,400
596,-96
-264,838
-399,693
6,106
599,159
-391,-64
442,14
-391,187
-396,804
254,-99
591,-91
-322,524
575,400
418,899
367,554
-242,899
464,524
-167,368
193,275
-391,275
224,106
-218,187
-384,-99
504,900
-391,864
-352,-99
-352,852
552,640
584,-52
254,400
37,891
-391,693
224,822
-24,742
-264,640
-218,-64
575,-100
-193,187
596,-100
-399,899
-304,-99
504,667
-352,-4
284,-52
-54,245
584,-75
591,57
-391,106
485,132
575,667
-322,524
131,822
-218,368
-304,852
-242,-22
-352,132
538,693
193,493
-322,742
599,891
68,431
-364,693
-364,400
-84,864
37,-91
224,-91
393,132
552,899
-285,493
-391,804
-140,106
599,884
538,275
-24,106
-399,81
162,640
-304,-22
162,-91
312,-96
-112,852
584,640
6,896
596,-91
-338,852
68,-4
485,-64
464,337
312,159
485,875
-396,718
-364,337
-396,215
284,57
-400,896
-391,822
-242,852
599,785
-396,804
193,693
442,804
596,493
162,896
-375,667
538,896
522,-99
162,864
564,764
-322,400
-364,584
6,718
-167,524
131,-100
464,640
418,804
564,612
591,-38
367,584
-218,-64
-264,132
-391,612
-112,864
584,584
418,838
-285,884
254,822
442,785
418,-22
-352,14
-364,159
464,785
552,764
340,245
-400,804
599,-52
575,-22
-364,159
99,337
-384,106
-304,852
464,899
599,368
340,554
596,400
418,822
6,-75
-364,852
504,612
591,612
-167,400
-375,875
-218,785
6,667
442,245
-399,337
-242,693
99,106
-242,-22
193,891
-218,-52
442,742
-54,-91
-167,667
-193,-4
418,764
340,245
418,14
464,-84
-167,215
-167,718
-399,215
596,106
464,640
-264,-84
-364,493
-304,215
6,493
600,106
-352,-52
-352,899
-322,785
591,693
-193,462
-84,667
599,368
-391,431
-322,159
131,584
-391,-84
-140,431
-285,132
193,864
162,-91
-264,-22
312,215
-264,693
224,57
442,896
-400,891
254,-38
599,612
224,14
-322,187
6,132
599,693
-338,-84
-167,-38
552,785
-84,-84
284,822
-352,306
-242,-99
-384,132
68,-4
-396,785
596,-4
-391,81
-352,431
-218,554
312,215
596,900
100,785
538,-96
-140,-4
367,718
575,-38
-384,187
340,159
193,764
-285,693
393,884
284,159
68,-52
552,187
193,884
-264,-64
-391,245
584,891
-112,584
-193,-100
-399,584
-54,524
-84,-22
68,-99
-218,275
-24,81
-285,462
68,132
340,245
-322,106
-338,306
575,584
522,804
99,822
504,132
464,-22
538,-75
254,-38
-24,584
254,431
-285,462
-352,275
-242,-52
584,-99
-304,400
-54,462
-84,106
-375,864
37,891
464,462
99,-75
393,431
-396,14
393,132
552,718
-322,891
-167,838
591,838
591,896
-391,245
504,-38
-338,554
464,524
-338,852
464,-96
162,400
-242,667
485,106
584,554
254,693
99,693
504,-4
6,337
131,612
-399,742
-322,764
464,640
-242,838
-375,368
-140,-75
-264,-84
254,-96
575,-99
162,-64
-375,864
600,718
-218,584
-399,187
-84,785
564,275
-384,822
224,400
68,804
591,368
-218,493
162,187
599,-84
-384,215
-242,462
522,-91
-352,275
-218,875
-322,-84
254,718
367,337
596,106
162,640
485,742
552,14
340,35
-399,106
68,884
-264,400
-338,132
312,554
564,742
-384,554
-322,-75
485,462
68,718
-54,14
-399,81
-364,306
-375,462
37,742
591,891
-218,132
-285,337
-384,718
284,896
-167,822
37,-84
485,368
-384,667
-285,431
393,896
367,-75
464,-4
284,-52
224,804
-399,35
284,187
504,-84
-375,245
-54,896
418,187
575,187
-54,-52
504,245
-396,852
-112,822
393,187
596,-4
312,-64
418,275
340,-38
-338,215
-364,804
-285,-4
37,838
-54,-75
-218,640
564,81
-193,667
464,612
-24,524
224,275
-242,838
193,431
-193,764
-167,891
442,431
538,275
-384,337
575,400
-242,822
-322,106
564,-100
464,14
442,554
-391,612
193,-100
-304,742
99,-96
418,742
6,524
-384,693
-322,838
284,35
-140,-100
584,804
312,838
-193,-22
340,-100
584,493
442,804
-375,306
584,524
-140,-100
464,57
-218,81
-193,785
522,-64
-375,852
6,-52
-285,693
-391,-96
-304,493
254,306
131,718
6,-52
504,-4
-364,640
393,875
-54,896
538,-22
367,852
-391,431
162,884
-112,159
-375,-84
340,368
-352,899
-218,245
-24,693
-24,81
-24,-52
584,187
37,899
254,493
37,896
-322,57
162,804
68,667
464,852
-84,-4
-218,612
564,-64
340,-100
224,215
-24,35
485,462
68,822
-399,132
-375,899
68,-38
-399,852
442,14
-391,106
-399,337
-364,-38
485,584
596,742
-322,306
131,891
-264,-52
-322,-96
-384,-38
6,899
442,159
-264,884
-167,584
254,400
-399,245
-218,693
-396,-75
485,612
538,35
442,891
254,35
393,-52
6,896
-140,81
-304,-4
99,337
564,584
-338,14
-375,245
-167,640
464,215
162,35
-338,785
418,306
564,132
-218,852
564,667
575,612
-285,693
-384,764
-364,-100
552,-38
-84,693
-399,-99
162,718
131,554
600,742
575,-100
-140,275
-218,81
340,-96
-384,-4
-264,275
312,896
591,462
-112,524
-218,368
254,742
254,275
-384,-84
485,-75
-264,493
504,764
-112,896
-242,215
485,524
-396,900
-391,431
100,900
552,899
-338,884
418,159
-352,368
6,-96
-384,822
-285,57
340,764
-322,640
-112,822
-352,875
284,275
-352,764
596,-100
464,852
552,584
522,-22
-285,852
100,-52
-384,35
538,-75
575,524
-193,-84
-242,-64
-364,187
100,785
-242,-75
522,-96
-352,215
-364,667
193,132
68,159
-352,804
-364,493
552,891
-264,554
340,-91
-112,742
-193,431
-140,785
-167,896
-84,-96
224,-96
591,-4
584,275
-140,-52
552,81
-364,400
538,215
485,584
-167,896
6,35
504,612
599,667
99,-84
584,-100
-84,337
-364,400
393,493
464,57
538,306
-285,187
367,-4
591,187
254,306
-193,884
-322,554
564,822
575,612
418,667
-167,-52
596,891
442,81
-322,554
-396,-99
-167,57
-218,640
442,640
-396,81
393,852
-352,-75
193,822
340,693
-112,838
538,718
-193,852
-396,493
-24,804
-242,864
-352,667
596,-4
224,275
284,718
584,400
193,640
552,742
552,132
284,337
312,899
340,900
504,-4
367,584
-391,718
6,899
162,804
-218,884
254,431
522,785
-322,-91
599,693
312,-91
504,742
224,106
-322,-96
-285,81
-391,852
564,-96
-112,431
584,57
-364,-64
-338,640
-391,159
564,-91
-391,-22
193,245
-140,640
-54,132
193,764
-242,640
162,-4
393,-75
-193,612
224,891
-399,-52
-167,742
-54,584
599,215
-193,-96
131,-38
162,900
-84,493
312,-84
-218,-22
-375,14
37,785
6,306
485,742
522,159
367,275
-112,-22
-167,852
464,764
-167,-99
-396,896
340,493
367,368
-264,57
-396,896
224,-91
596,159
100,900
131,554
564,693
-352,852
-24,-22
-391,742
254,884
418,337
393,-99
-364,864
131,462
-218,14
224,838
340,-64
193,245
418,-99
-364,-99
599,400
312,106
-338,337
564,-91
-285,875
-396,-91
-167,275
-242,187
-384,-4
-399,667
-24,159
-352,-22
-375,245
-352,667
-322,-84
-112,245
538,14
-193,852
-264,400
-384,132
-242,742
37,275
442,822
-375,764
6,838
-193,159
464,-52
564,368
-352,215
-285,900
6,-96
-338,132
-285,640
504,742
-391,875
-364,-38
37,612
193,584
504,106
6,899
312,-84
596,875
393,884
-84,57
284,899
-242,896
-218,-75
-399,524
6,524
224,275
418,57
-193,-91
-364,-4
552,431
100,524
485,-38
504,-99
599,764
-400,462
131,-75
-396,275
442,852
575,764
162,-75
99,-75
-242,896
584,718
-399,-99
224,875
-242,-99
-264,764
442,852
-218,-96
599,804
-218,718
254,-52
-24,864
-375,159
591,-99
-396,838
367,-84
485,742
224,584
393,400
-264,306
-399,-91
-391,804
-54,-64
131,215
6,864
600,612
591,884
464,838
-304,838
-54,400
284,431
575,718
-375,524
-84,337
464,-91
224,554
312,838
-384,81
599,306
-242,764
600,838
-140,-96
100,899
-112,822
-338,891
-391,-99
99,804
-338,106
-24,-22
552,462
575,431
-396,899
284,431
584,554
599,81
-338,-52
340,400
-140,-75
-84,838
591,462
418,864
-391,718
-24,884
312,804
-304,584
600,275
162,106
-84,838
-285,899
485,306
552,-84
-399,524
504,667
-218,81
538,368
312,-91
284,-4
367,640
-338,187
552,-99
-264,764
-193,742
-193,493
312,215
393,132
-399,81
552,764
-384,524
-24,900
37,864
-304,187
-24,462
6,891
-193,524
254,864
68,493
193,884
-322,524
-218,306
131,900
-375,275
418,-100
254,891
538,275
-264,718
522,81
596,896
504,-64
340,106
591,431
224,891
-285,-99
-285,493
-338,-52
-167,431
442,718
-384,-38
-352,-84
312,245
564,35
-399,742
-400,368
-322,-64
340,718
-396,493
162,-99
575,875
600,-52
-400,742
464,884
-399,524
-24,-22
538,852
-304,-38
418,275
575,-38
-112,785
131,-64
591,640
442,838
504,57
564,337
-167,764
393,245
99,640
-140,875
418,368
367,400
6,-22
-84,899
600,106
-54,899
6,-96
538,-91
-384,215
-352,896
-396,-52
575,785
-364,899
-338,785
-264,-100
-375,640
538,215
418,524
-396,-64
6,864
-396,493
538,14
442,524
522,667
-364,838
599,804
367,462
464,306
6,106
367,852
-54,838
-285,693
522,612
284,275
575,493
284,-99
575,-52
-352,764
393,493
-285,400
575,57
538,554
-140,-100
193,275
538,275
284,554
-352,132
584,899
-322,640
-24,554
464,159
-304,584
599,245
100,875
-399,159
37,106
-140,-38
442,35
-338,337
538,368
131,667
6,-84
-384,-22
340,899
552,884
-396,368
68,899
-352,-100
591,462
538,35
193,106
-264,81
-391,864
-54,-64
564,-84
-193,275
254,-84
37,899
-84,14
591,159
-242,159
522,245
-242,640
-84,14
284,742
-304,106
-304,875
68,306
-399,718
-364,852
596,-96
596,245
-285,612
-396,884
464,822
-193,838
-400,693
-24,852
312,35
393,462
-338,-84
-338,-52
-391,-64
575,-99
464,-64
-322,900
-54,-96
-322,431
596,462
-112,275
6,822
284,215
-193,524
552,57
-384,612
254,132
-352,215
584,-75
-218,106
224,693
-218,-64
-193,554
522,275
131,245
538,-84
367,899
6,306
-322,306
442,187
-399,35
575,899
504,838
-400,891
596,891
-54,275
-218,884
596,900
-364,275
131,368
193,337
393,462
-242,804
37,35
564,-91
552,718
599,215
-304,764
552,822
-391,718
-322,875
-338,785
-391,-84
284,400
-84,106
340,-100
367,-99
-54,742
-304,35
575,-22
312,640
485,159
37,431
367,852
254,462
-338,764
-352,462
-285,-99
6,891
485,106
-304,57
254,493
-384,875
464,245
-218,106
340,-52
340,554
-193,764
-400,785
442,215
564,-64
504,884
162,493
224,785
-338,884
504,57
131,891
393,852
-242,785
-84,822
193,640
522,275
-338,215
162,764
-24,896
-396,493
-218,875
193,337
-375,462
575,-22
538,-75
552,400
-396,804
99,785
68,-4
254,-4
-304,245
162,368
485,187
-84,-38
-399,764
-24,693
162,35
-352,-99
284,187
-352,-84
-264,884
600,-52
538,554
600,718
504,81
-364,431
564,718
224,612
575,-91
-112,822
99,896
-364,785
193,-99
131,584
-399,554
-84,431
193,852
393,-91
584,891
-396,-84
485,864
591,838
340,-91
599,35
584,-99
522,891
-193,900
-193,584
6,132
-391,900
599,640
-140,640
99,-91
-84,-38
596,275
464,35
-112,875
-285,852
-338,612
367,-4
552,462
367,14
68,187
367,106
68,368
99,462
-322,106
-54,431
-112,81
162,14
224,400
-140,275
-140,612
-218,838
-322,306
464,838
-140,-91
-264,524
193,822
538,785
-391,693
-24,337
552,431
131,431
599,718
-84,900
37,-91
-140,14
591,640
284,-22
-396,400
-352,864
-54,764
-140,-91
-285,524
254,-22
-84,275
-338,838
464,-64
393,57
-285,493
-218,-22
131,884
-396,899
224,584
6,-84
284,215
442,215
-140,35
193,187
-167,864
522,584
37,337
162,275
-391,81
-391,524
367,584
224,852
367,-99
584,524
-400,-22
340,764
442,215
-384,245
37,14
162,693
224,742
340,-84
596,35
464,81
-391,896
254,667
-285,215
-338,-64
254,742
393,337
6,14
-140,584
284,275
284,-91
254,368
552,-84
-364,-4
367,306
552,822
485,-64
-396,899
-112,-64
-264,35
37,-75
68,900
442,132
-338,462
131,132
599,-22
-304,884
-112,612
-399,899